,date,Signal1_Value,Position1,Signal2_Value,Position2,Signal3_Value,Position3,Signal4_Value,Position4,Signal5_Value,Position5
0,2010-01-04,501763.0390767523,满仓中证1000指数,501763.0390767523,满仓中证1000指数,501763.0390767523,满仓中证1000指数,501763.0390767523,满仓中证1000指数,505564.99902217,7.5%多IM + 7.5%空IF
1,2010-01-05,508078.6221605951,满仓中证1000指数,508078.6221605951,满仓中证1000指数,508078.6221605951,满仓中证1000指数,508078.6221605951,满仓中证1000指数,507247.64536206267,7.5%多IM + 7.5%空IF
2,2010-01-06,507012.41847196757,满仓中证1000指数,507012.41847196757,满仓中证1000指数,507012.41847196757,满仓中证1000指数,507012.41847196757,满仓中证1000指数,508830.8411804767,7.5%多IM + 7.5%空IF
3,2010-01-07,496570.4768153074,满仓中证1000指数,496570.4768153074,满仓中证1000指数,496570.4768153074,满仓中证1000指数,496570.4768153074,满仓中证1000指数,508543.03792706376,7.5%多IM + 7.5%空IF
4,2010-01-08,503016.2041554617,满仓中证1000指数,503016.2041554617,满仓中证1000指数,496570.4768153074,空仓,496570.4768153074,空仓,512540.8822991815,7.5%多IM + 7.5%空IF
5,2010-01-11,506679.2582847693,满仓中证1000指数,506679.2582847693,满仓中证1000指数,500186.59200317605,满仓中证1000指数,500186.59200317605,满仓中证1000指数,515127.8943314013,7.5%多IM + 7.5%空IF
6,2010-01-12,517115.8484278279,满仓中证1000指数,517115.8484278279,满仓中证1000指数,510489.44606801803,满仓中证1000指数,510489.44606801803,满仓中证1000指数,517220.4090293193,7.5%多IM + 7.5%空IF
7,2010-01-13,510707.1262349189,满仓中证1000指数,510707.1262349189,满仓中证1000指数,504162.84623123397,满仓中证1000指数,504162.84623123397,满仓中证1000指数,524898.0296011126,7.5%多IM + 7.5%空IF
8,2010-01-14,524824.5329779626,满仓中证1000指数,524824.5329779626,满仓中证1000指数,518099.35034357925,满仓中证1000指数,518099.35034357925,满仓中证1000指数,530267.5993010014,7.5%多IM + 7.5%空IF
9,2010-01-15,530379.0625104612,满仓中证1000指数,530379.0625104612,满仓中证1000指数,523582.7032766491,满仓中证1000指数,523582.7032766491,满仓中证1000指数,532907.5898742914,7.5%多IM + 7.5%空IF
10,2010-01-18,539028.4748345643,满仓中证1000指数,539028.4748345643,满仓中证1000指数,532121.2806951703,满仓中证1000指数,532121.2806951703,满仓中证1000指数,537366.0838875166,7.5%多IM + 7.5%空IF
11,2010-01-19,539756.8499943411,满仓中证1000指数,539756.8499943411,满仓中证1000指数,532840.3223431389,满仓中证1000指数,532840.3223431389,满仓中证1000指数,537128.0445964679,7.5%多IM + 7.5%空IF
12,2010-01-20,522256.1480351634,满仓中证1000指数,522256.1480351634,满仓中证1000指数,515666.59692979476,满仓沪深300指数,532840.3223431389,空仓,537076.2713835731,5%多IM + 5%空IF
13,2010-01-21,524497.7490622896,满仓中证1000指数,524497.7490622896,满仓中证1000指数,517879.91462395946,满仓中证1000指数,532840.3223431389,空仓,537127.2288030237,7.5%多IM + 7.5%空IF
14,2010-01-22,509108.6177359181,满仓中证1000指数,509108.6177359181,满仓中证1000指数,511441.3872098503,满仓沪深300指数,532840.3223431389,空仓,532586.2938011261,5%多IM + 5%空IF
15,2010-01-25,501794.6927103959,满仓中证1000指数,503333.7642882409,满仓沪深300指数,505640.07300042233,满仓沪深300指数,532840.3223431389,空仓,533391.3169327168,5%多IF + 5%空IM
16,2010-01-26,501794.6927103959,空仓,490445.41904950363,满仓沪深300指数,505640.07300042233,空仓,532840.3223431389,空仓,537461.6947073806,5%多IF + 5%空IM
17,2010-01-27,501794.6927103959,空仓,483755.85712811945,满仓沪深300指数,498743.2595184554,满仓沪深300指数,532840.3223431389,空仓,535849.8306665615,5%多IF + 5%空IM
18,2010-01-28,501794.6927103959,空仓,484966.39393756894,满仓沪深300指数,505092.77357493923,满仓中证1000指数,539623.9270375576,满仓中证1000指数,538590.3424412694,5%多IM + 5%空IF
19,2010-01-29,501794.6927103959,空仓,489793.983416669,满仓中证1000指数,510120.7107478265,满仓中证1000指数,544995.6039731196,满仓中证1000指数,542915.6094785351,7.5%多IM + 7.5%空IF
20,2010-02-01,501794.6927103959,空仓,484047.27168022667,满仓中证1000指数,504135.50722407683,满仓中证1000指数,538601.2162515427,满仓中证1000指数,544676.1770158132,7.5%多IM + 7.5%空IF
21,2010-02-02,501794.6927103959,空仓,482389.74639711244,满仓中证1000指数,502409.1937042445,满仓中证1000指数,536756.8816468788,满仓中证1000指数,544121.8839430327,7.5%多IM + 7.5%空IF
22,2010-02-03,501794.6927103959,空仓,491450.8237248057,满仓中证1000指数,515906.9967628164,满仓沪深300指数,536756.8816468788,空仓,544121.8839430327,空仓
23,2010-02-04,501794.6927103959,空仓,489638.6386007593,满仓沪深300指数,514004.631480693,满仓沪深300指数,534777.6341022766,满仓沪深300指数,536987.0998181393,7.5%多IF + 7.5%空IM
24,2010-02-05,501794.6927103959,空仓,480389.05172516,满仓中证1000指数,504294.7554240821,满仓中证1000指数,524675.3427473868,满仓中证1000指数,537601.4163981187,7.5%多IM + 7.5%空IF
25,2010-02-08,501794.6927103959,空仓,480069.2582594005,满仓沪深300指数,504294.7554240821,空仓,524675.3427473868,空仓,537623.3654715319,5%多IF + 5%空IM
26,2010-02-09,501794.6927103959,空仓,482842.426750946,满仓沪深300指数,504294.7554240821,空仓,524675.3427473868,空仓,539254.7173739194,5%多IF + 5%空IM
27,2010-02-10,508022.3531451088,满仓中证1000指数,488834.87489948195,满仓中证1000指数,511445.79600819293,满仓沪深300指数,532115.3857561897,满仓沪深300指数,539254.7173739194,空仓
28,2010-02-11,505290.3242065462,满仓中证1000指数,489788.17081342137,满仓沪深300指数,511445.79600819293,空仓,532115.3857561897,空仓,539254.7173739194,空仓
29,2010-02-12,512229.1474472349,满仓中证1000指数,494484.6892917953,满仓沪深300指数,511445.79600819293,空仓,532115.3857561897,空仓,539254.7173739194,空仓
30,2010-02-22,515327.55075779726,满仓中证1000指数,491757.2713555038,满仓沪深300指数,511445.79600819293,空仓,535334.0781735281,满仓中证1000指数,542372.8334778111,5%多IM + 5%空IF
31,2010-02-23,523720.2573133093,满仓中证1000指数,499766.10858719656,满仓中证1000指数,519775.2836876989,满仓中证1000指数,544052.614220493,满仓中证1000指数,553364.6215251681,7.5%多IM + 7.5%空IF
32,2010-02-24,534916.0856250054,满仓中证1000指数,510449.8571526056,满仓中证1000指数,530886.7783369296,满仓中证1000指数,555683.0974341644,满仓中证1000指数,556287.8666423649,7.5%多IM + 7.5%空IF
33,2010-02-25,544934.6591102469,满仓中证1000指数,520010.19669341267,满仓中证1000指数,540829.8859458497,满仓中证1000指数,566090.6213351254,满仓中证1000指数,557975.2191724471,7.5%多IM + 7.5%空IF
34,2010-02-26,545906.4955808349,满仓中证1000指数,520937.58287774783,满仓中证1000指数,541794.4019639798,满仓中证1000指数,567100.187348727,满仓中证1000指数,560051.424203502,7.5%多IM + 7.5%空IF
35,2010-03-01,553947.6094392982,满仓中证1000指数,528610.908714649,满仓中证1000指数,549774.9453525229,满仓中证1000指数,575453.4808386223,满仓中证1000指数,560765.8192347343,7.5%多IM + 7.5%空IF
36,2010-03-02,554270.5773054896,满仓中证1000指数,528919.1045337551,满仓中证1000指数,547594.1512103925,满仓沪深300指数,575788.9872649194,满仓中证1000指数,562679.3203072489,7.5%多IM + 7.5%空IF
37,2010-03-03,561762.5402080351,满仓中证1000指数,536068.3967240034,满仓中证1000指数,554995.8702164115,满仓中证1000指数,583571.8101476601,满仓中证1000指数,565344.5459713055,7.5%多IM + 7.5%空IF
38,2010-03-04,541741.9346357116,满仓中证1000指数,516963.50246276514,满仓中证1000指数,535216.4213984885,满仓中证1000指数,562773.9459295039,满仓中证1000指数,560977.3454241634,7.5%多IM + 7.5%空IF
39,2010-03-05,541685.38886328,满仓中证1000指数,518425.21753611846,满仓沪深300指数,536729.7466273246,满仓沪深300指数,562773.9459295039,空仓,561799.704324212,5%多IF + 5%空IM
40,2010-03-08,548616.0000623292,满仓中证1000指数,522626.0381157675,满仓沪深300指数,536729.7466273246,空仓,562773.9459295039,空仓,561799.704324212,空仓
41,2010-03-09,549298.0687779255,满仓中证1000指数,525756.6943249895,满仓沪深300指数,537397.0377177462,满仓中证1000指数,563473.6165596487,满仓中证1000指数,559799.561925728,7.5%多IM + 7.5%空IF
42,2010-03-10,543169.0701577665,满仓中证1000指数,521594.83797044895,满仓沪深300指数,537397.0377177462,空仓,563473.6165596487,空仓,559799.561925728,空仓
43,2010-03-11,540264.2364001339,满仓中证1000指数,521119.4744241261,满仓沪深300指数,537397.0377177462,空仓,563473.6165596487,空仓,559799.561925728,空仓
44,2010-03-12,540264.2364001339,空仓,514188.7725220846,满仓沪深300指数,530249.8500683542,满仓沪深300指数,563473.6165596487,空仓,560524.0311374184,5%多IF + 5%空IM
45,2010-03-15,540264.2364001339,空仓,506245.95499314496,满仓沪深300指数,530249.8500683542,空仓,563473.6165596487,空仓,558297.0441214442,5%多IF + 5%空IM
46,2010-03-16,540264.2364001339,空仓,509552.0297341817,满仓沪深300指数,536995.613525539,满仓中证1000指数,570642.0480663921,满仓中证1000指数,560025.3330483387,5%多IM + 5%空IF
47,2010-03-17,540264.2364001339,空仓,520675.91840850416,满仓沪深300指数,551062.2938704207,满仓中证1000指数,585590.1017921917,满仓中证1000指数,561247.4280308636,5%多IM + 5%空IF
48,2010-03-18,540264.2364001339,空仓,521969.63428120845,满仓中证1000指数,552431.5103277672,满仓中证1000指数,587045.1089911087,满仓中证1000指数,563111.1701991551,7.5%多IM + 7.5%空IF
49,2010-03-19,544598.6850875678,满仓中证1000指数,526157.3084668359,满仓中证1000指数,552431.5103277672,空仓,591754.8727154032,满仓中证1000指数,563098.1212790769,7.5%多IM + 7.5%空IF
50,2010-03-22,549567.0974777492,满仓中证1000指数,530957.4788714905,满仓中证1000指数,557471.3821375896,满仓中证1000指数,591754.8727154032,空仓,565828.2307778816,7.5%多IM + 7.5%空IF
51,2010-03-23,546387.8254227085,满仓中证1000指数,527885.8643539213,满仓中证1000指数,557471.3821375896,空仓,588331.5423543012,满仓中证1000指数,566849.6552872456,7.5%多IM + 7.5%空IF
52,2010-03-24,547727.5766846887,满仓中证1000指数,529180.248525828,满仓中证1000指数,557471.3821375896,空仓,588331.5423543012,空仓,567749.8482243164,7.5%多IM + 7.5%空IF
53,2010-03-25,539406.7310316965,满仓中证1000指数,521141.1660365959,满仓中证1000指数,557471.3821375896,空仓,588331.5423543012,空仓,567459.1737269774,7.5%多IM + 7.5%空IF
54,2010-03-26,546744.98482462,满仓中证1000指数,528230.9295087759,满仓中证1000指数,557471.3821375896,空仓,588331.5423543012,空仓,567202.9629946703,7.5%多IM + 7.5%空IF
55,2010-03-29,549981.2087016569,满仓中证1000指数,531357.567327345,满仓中证1000指数,571691.2343150876,满仓沪深300指数,588331.5423543012,空仓,561647.5795185847,5%多IM + 5%空IF
56,2010-03-30,553430.1372580118,满仓中证1000指数,534689.7071506615,满仓中证1000指数,573081.5926261054,满仓沪深300指数,589762.3700466764,满仓沪深300指数,561647.5795185847,空仓
57,2010-03-31,555924.0275685836,满仓中证1000指数,531338.5143799828,满仓沪深300指数,573081.5926261054,空仓,592419.9822025421,满仓中证1000指数,564673.1158158244,5%多IM + 5%空IF
58,2010-04-01,565402.8167441065,满仓中证1000指数,540398.1079735013,满仓中证1000指数,582852.9270665933,满仓中证1000指数,602521.0460821242,满仓中证1000指数,566029.6438740902,7.5%多IM + 7.5%空IF
59,2010-04-02,567538.0489206089,满仓中证1000指数,542438.9103786091,满仓中证1000指数,585054.059227922,满仓中证1000指数,604796.454492756,满仓中证1000指数,565704.0587653356,7.5%多IM + 7.5%空IF
60,2010-04-06,569787.3000281929,满仓中证1000指数,544588.6892741142,满仓中证1000指数,585054.059227922,空仓,604796.454492756,空仓,567659.6112787267,7.5%多IM + 7.5%空IF
61,2010-04-07,570870.1916557448,满仓中证1000指数,545623.6904614788,满仓中证1000指数,586165.9656224165,满仓中证1000指数,605945.8816858698,满仓中证1000指数,570743.790043956,7.5%多IM + 7.5%空IF
62,2010-04-08,571405.0084618997,满仓中证1000指数,546134.855212696,满仓中证1000指数,586715.1121958286,满仓中证1000指数,606513.5589720248,满仓中证1000指数,576226.1024984852,7.5%多IM + 7.5%空IF
63,2010-04-09,580038.1668391585,满仓中证1000指数,554386.2156848136,满仓中证1000指数,595579.5855744436,满仓中证1000指数,615677.1601568569,满仓中证1000指数,578568.3882351376,7.5%多IM + 7.5%空IF
64,2010-04-12,586614.4882604766,满仓中证1000指数,560671.701975757,满仓中证1000指数,602332.1115470991,满仓中证1000指数,622657.5471872822,满仓中证1000指数,587044.118996457,7.5%多IM + 7.5%空IF
65,2010-04-13,575211.7881427007,满仓中证1000指数,549773.2816160576,满仓中证1000指数,590623.8899181975,满仓中证1000指数,610554.2367018892,满仓中证1000指数,573199.7713391025,7.5%多IM + 7.5%空IF
66,2010-04-14,585044.6239687303,满仓中证1000指数,559171.2642914878,满仓中证1000指数,592711.9689507608,满仓沪深300指数,612712.7770550003,满仓沪深300指数,573199.7713391025,空仓
67,2010-04-15,579291.4523633092,满仓中证1000指数,553672.5243518467,满仓中证1000指数,586883.3987353323,满仓中证1000指数,606687.5242677532,满仓中证1000指数,570125.7810762163,7.5%多IM + 7.5%空IF
68,2010-04-16,578666.3657664193,满仓中证1000指数,547435.0569476117,满仓沪深300指数,580271.7900520524,满仓沪深300指数,606687.5242677532,空仓,567221.9674310212,5%多IF + 5%空IM
69,2010-04-19,554082.4316079202,满仓中证1000指数,518090.97130281024,满仓沪深300指数,555619.6514025556,满仓中证1000指数,580913.1453963851,满仓中证1000指数,571952.2082848978,7.5%多IM + 7.5%空IF
70,2010-04-20,554082.4316079202,空仓,525527.1205758003,满仓中证1000指数,563594.4490649168,满仓中证1000指数,589250.980068445,满仓中证1000指数,578520.8783287932,7.5%多IM + 7.5%空IF
71,2010-04-21,554082.4316079202,空仓,542121.3907736136,满仓中证1000指数,581390.7495860466,满仓中证1000指数,607857.4222381058,满仓中证1000指数,583565.9986996257,7.5%多IM + 7.5%空IF
72,2010-04-22,557577.0193446686,满仓中证1000指数,545540.5404451321,满仓中证1000指数,585057.57038357,满仓中证1000指数,611691.1678547651,满仓中证1000指数,591077.8809629956,7.5%多IM + 7.5%空IF
73,2010-04-23,551721.122434139,满仓中证1000指数,539811.055451084,满仓中证1000指数,578913.0617326974,满仓中证1000指数,605266.9425087331,满仓中证1000指数,588019.7132198196,7.5%多IM + 7.5%空IF
74,2010-04-26,551721.122434139,空仓,538890.4571096133,满仓中证1000指数,577925.7784988601,满仓中证1000指数,601850.507926442,满仓沪深300指数,589177.8475450629,5%多IM + 5%空IF
75,2010-04-27,551721.122434139,空仓,524936.2775418892,满仓中证1000指数,577925.7784988601,空仓,586266.0232696219,满仓中证1000指数,586593.8897011465,7.5%多IM + 7.5%空IF
76,2010-04-28,551721.122434139,空仓,521182.5216347821,满仓中证1000指数,577925.7784988601,空仓,586266.0232696219,空仓,585539.7582784939,5%多IM + 5%空IF
77,2010-04-29,551721.122434139,空仓,514908.01077042805,满仓沪深300指数,570968.1361654082,满仓沪深300指数,586266.0232696219,空仓,590968.0169321836,5%多IF + 5%空IM
78,2010-04-30,551721.122434139,空仓,516136.52866633964,满仓沪深300指数,572330.4077918002,满仓沪深300指数,587664.7940913732,满仓沪深300指数,607078.8339592691,7.5%多IF + 7.5%空IM
79,2010-05-04,551721.122434139,空仓,508073.8436231262,满仓沪深300指数,563389.9054975667,满仓沪深300指数,578484.7498926286,满仓沪深300指数,600710.2867452294,7.5%多IF + 7.5%空IM
80,2010-05-05,551721.122434139,空仓,510925.1291656851,满仓沪深300指数,581147.1143892845,满仓中证1000指数,596717.7257487447,满仓中证1000指数,608491.4541832759,5%多IM + 5%空IF
81,2010-05-06,551721.122434139,空仓,496796.7769444518,满仓中证1000指数,565076.9493969055,满仓中证1000指数,580216.9945754741,满仓中证1000指数,616844.2219152042,7.5%多IM + 7.5%空IF
82,2010-05-07,551721.122434139,空仓,487951.2027600429,满仓中证1000指数,555015.6319573427,满仓中证1000指数,569886.105353248,满仓中证1000指数,618199.7472477658,7.5%多IM + 7.5%空IF
83,2010-05-10,551721.122434139,空仓,478538.802665394,满仓中证1000指数,544309.5835713202,满仓中证1000指数,569886.105353248,空仓,605751.2668366343,7.5%多IM + 7.5%空IF
84,2010-05-11,551721.122434139,空仓,464570.5379475167,满仓中证1000指数,533375.5277926867,满仓沪深300指数,558438.2700560688,满仓沪深300指数,608507.8813305692,5%多IF + 5%空IM
85,2010-05-12,551721.122434139,空仓,467447.215302597,满仓沪深300指数,536678.2540252499,满仓沪深300指数,558438.2700560688,空仓,617946.5551415293,5%多IF + 5%空IM
86,2010-05-13,551721.122434139,空仓,478850.9196697262,满仓沪深300指数,549770.8983898317,满仓沪深300指数,572061.7653525122,满仓沪深300指数,617831.9301216597,7.5%多IF + 7.5%空IM
87,2010-05-14,551721.122434139,空仓,475717.9737040481,满仓沪深300指数,552549.0796423539,满仓中证1000指数,572061.7653525122,空仓,617831.9301216597,空仓
88,2010-05-17,551721.122434139,空仓,450288.82926810026,满仓沪深300指数,516663.8491448183,满仓中证1000指数,534909.2859351372,满仓中证1000指数,614282.2908535101,5%多IM + 5%空IF
89,2010-05-18,551721.122434139,空仓,459682.5252059575,满仓沪深300指数,527442.2269003538,满仓沪深300指数,534909.2859351372,空仓,618674.1146624163,5%多IF + 5%空IM
90,2010-05-19,551721.122434139,空仓,458160.837028854,满仓沪深300指数,525696.2336185344,满仓沪深300指数,533138.5744297006,满仓沪深300指数,617168.2204034687,7.5%多IF + 7.5%空IM
91,2010-05-20,551721.122434139,空仓,452164.3174105146,满仓沪深300指数,525696.2336185344,空仓,533138.5744297006,空仓,619950.790441263,5%多IF + 5%空IM
92,2010-05-21,551721.122434139,空仓,459258.39650867676,满仓沪深300指数,533943.9668413885,满仓沪深300指数,533138.5744297006,空仓,618868.4212876066,5%多IF + 5%空IM
93,2010-05-24,551721.122434139,空仓,476621.2998226991,满仓沪深300指数,558759.9583173497,满仓中证1000指数,557917.1338669753,满仓中证1000指数,621551.3329374114,5%多IM + 5%空IF
94,2010-05-25,540291.8181562733,满仓沪深300指数,475486.8111373365,满仓中证1000指数,557429.957222601,满仓中证1000指数,556589.138924287,满仓中证1000指数,630098.6525717074,7.5%多IM + 7.5%空IF
95,2010-05-26,540292.0101615194,满仓沪深300指数,477004.59460270545,满仓中证1000指数,559209.3083052316,满仓中证1000指数,558365.8060626301,满仓中证1000指数,631606.97018893,7.5%多IM + 7.5%空IF
96,2010-05-27,550812.7302852538,满仓中证1000指数,486292.9641198674,满仓中证1000指数,570098.3914540046,满仓中证1000指数,558365.8060626301,空仓,633081.4651569448,7.5%多IM + 7.5%空IF
97,2010-05-28,552999.1055822485,满仓中证1000指数,488223.2370881473,满仓中证1000指数,572361.3185277596,满仓中证1000指数,560582.162254016,满仓中证1000指数,636572.7291348112,7.5%多IM + 7.5%空IF
98,2010-05-31,536061.6077642267,满仓中证1000指数,473269.72282489843,满仓中证1000指数,554830.786406054,满仓中证1000指数,543412.4072686037,满仓中证1000指数,634853.7808051977,7.5%多IM + 7.5%空IF
99,2010-06-01,524627.3790678618,满仓中证1000指数,468303.33827815123,满仓沪深300指数,554830.786406054,空仓,543412.4072686037,空仓,634853.7808051977,空仓
100,2010-06-02,533422.4825312777,满仓中证1000指数,470584.1344250579,满仓沪深300指数,554830.786406054,空仓,543412.4072686037,空仓,634853.7808051977,空仓
101,2010-06-03,529465.7968570342,满仓中证1000指数,466923.4267447517,满仓沪深300指数,550715.3036581492,满仓中证1000指数,539381.62087047,满仓中证1000指数,635025.9178442465,7.5%多IM + 7.5%空IF
102,2010-06-04,533912.8216915868,满仓中证1000指数,468342.418137309,满仓沪深300指数,550715.3036581492,空仓,539381.62087047,空仓,635025.9178442465,空仓
103,2010-06-07,532141.3487610074,满仓中证1000指数,466788.5016882833,满仓中证1000指数,550715.3036581492,空仓,537592.0029744308,满仓中证1000指数,641893.0720966022,7.5%多IM + 7.5%空IF
104,2010-06-08,532141.3487610074,空仓,473700.5631746088,满仓中证1000指数,558870.1275807135,满仓中证1000指数,545552.5010708418,满仓中证1000指数,648375.1257097917,7.5%多IM + 7.5%空IF
105,2010-06-09,545924.0667769945,满仓中证1000指数,485969.6366105506,满仓中证1000指数,573345.1338810849,满仓中证1000指数,559682.5744107222,满仓中证1000指数,646054.2917045674,7.5%多IM + 7.5%空IF
106,2010-06-10,547067.8745355064,满仓中证1000指数,486987.82920286106,满仓中证1000指数,566727.8685494413,满仓沪深300指数,553222.99556804,满仓沪深300指数,646054.2917045674,空仓
107,2010-06-11,544427.162788557,满仓中证1000指数,484637.12549486285,满仓中证1000指数,563992.2574681423,满仓中证1000指数,550552.5728817885,满仓中证1000指数,642157.3065425694,7.5%多IM + 7.5%空IF
108,2010-06-17,544427.162788557,空仓,479471.15212866914,满仓中证1000指数,560694.2041775028,满仓沪深300指数,547333.1107338256,满仓沪深300指数,643702.2645678219,5%多IF + 5%空IM
109,2010-06-18,523352.015099535,满仓中证1000指数,471330.5372233263,满仓沪深300指数,551174.5582601154,满仓沪深300指数,547333.1107338256,空仓,650696.8502571911,5%多IF + 5%空IM
110,2010-06-21,536426.2335836608,满仓中证1000指数,486101.88898866985,满仓沪深300指数,568448.1966968083,满仓沪深300指数,564486.3594053376,满仓沪深300指数,652765.4143202926,5%多IF + 5%空IM
111,2010-06-22,541324.5463610709,满仓中证1000指数,486636.2987587996,满仓沪深300指数,569073.1361940801,满仓沪深300指数,564486.3594053376,空仓,650143.9071892247,5%多IF + 5%空IM
112,2010-06-23,541080.479872871,满仓中证1000指数,482226.5877834894,满仓沪深300指数,568816.5587253259,满仓中证1000指数,564231.8499723128,满仓中证1000指数,654342.5753885295,7.5%多IM + 7.5%空IF
113,2010-06-24,541386.6887510553,满仓中证1000指数,482052.297125714,满仓沪深300指数,568816.5587253259,空仓,564551.160700093,满仓中证1000指数,654645.9777150707,5%多IM + 5%空IF
114,2010-06-25,537222.2784577028,满仓沪深300指数,474250.17437554215,满仓中证1000指数,568816.5587253259,空仓,564551.160700093,空仓,654645.9777150707,空仓
115,2010-06-28,533391.8298780365,满仓沪深300指数,470868.7231966027,满仓沪深300指数,564760.8397672154,满仓沪深300指数,564551.160700093,空仓,661417.700212284,7.5%多IF + 7.5%空IM
116,2010-06-29,533391.8298780365,空仓,449245.807451747,满仓沪深300指数,538826.2736075055,满仓沪深300指数,564551.160700093,空仓,665709.1229916298,5%多IF + 5%空IM
117,2010-06-30,533391.8298780365,空仓,444228.39944666665,满仓沪深300指数,532808.3849289643,满仓沪深300指数,564551.160700093,空仓,669131.0693670951,5%多IF + 5%空IM
118,2010-07-01,533391.8298780365,空仓,437815.7745276721,满仓沪深300指数,525117.0704373637,满仓沪深300指数,564551.160700093,空仓,668524.4022924571,5%多IF + 5%空IM
119,2010-07-02,533391.8298780365,空仓,434775.98281900206,满仓中证1000指数,525117.0704373637,空仓,564551.160700093,空仓,665140.4931523007,5%多IM + 5%空IF
120,2010-07-05,533391.8298780365,空仓,430896.0876688643,满仓中证1000指数,520671.37397681316,满仓沪深300指数,559771.6110754091,满仓沪深300指数,665292.7403028638,5%多IF + 5%空IM
121,2010-07-06,533391.8298780365,空仓,444135.5572038708,满仓中证1000指数,536669.2281945415,满仓中证1000指数,559771.6110754091,空仓,670644.8067421523,7.5%多IM + 7.5%空IF
122,2010-07-07,533391.8298780365,空仓,450888.57761353004,满仓中证1000指数,544829.2104171993,满仓中证1000指数,568282.861870411,满仓中证1000指数,674843.413316798,7.5%多IM + 7.5%空IF
123,2010-07-08,533391.8298780365,空仓,448249.59317458724,满仓中证1000指数,541640.4052898163,满仓中证1000指数,564956.785975272,满仓中证1000指数,672774.7039431151,7.5%多IM + 7.5%空IF
124,2010-07-09,533391.8298780365,空仓,461661.55001120735,满仓中证1000指数,556608.0960574078,满仓沪深300指数,564956.785975272,空仓,672774.7039431151,空仓
125,2010-07-12,533391.8298780365,空仓,467352.5618282873,满仓中证1000指数,563469.5365478888,满仓中证1000指数,571921.1427536235,满仓中证1000指数,673445.1929872279,7.5%多IM + 7.5%空IF
126,2010-07-13,533391.8298780365,空仓,460755.04133447673,满仓中证1000指数,563469.5365478888,空仓,563847.4489978867,满仓中证1000指数,674170.9330146709,7.5%多IM + 7.5%空IF
127,2010-07-14,538552.9663109578,满仓中证1000指数,464080.68513069744,满仓沪深300指数,563469.5365478888,空仓,563847.4489978867,空仓,674170.9330146709,空仓
128,2010-07-15,524887.5752281068,满仓中证1000指数,452304.97419227386,满仓中证1000指数,563469.5365478888,空仓,549540.2287547155,满仓中证1000指数,669932.5947319448,7.5%多IM + 7.5%空IF
129,2010-07-16,528329.4330123637,满仓中证1000指数,455270.8843599992,满仓中证1000指数,563469.5365478888,空仓,551143.2270846472,满仓沪深300指数,671151.9869239171,5%多IM + 5%空IF
130,2010-07-19,540586.2037786036,满仓中证1000指数,465832.76207770954,满仓中证1000指数,576541.5263173198,满仓中证1000指数,563929.2574884921,满仓中证1000指数,670064.4645107477,7.5%多IM + 7.5%空IF
131,2010-07-20,557395.1711396361,满仓中证1000指数,480317.3486963327,满仓中证1000指数,589229.0111596733,满仓沪深300指数,576339.1942926053,满仓沪深300指数,670064.4645107477,空仓
132,2010-07-21,558246.4217263609,满仓中证1000指数,481050.8864915308,满仓中证1000指数,590128.8781973433,满仓中证1000指数,577219.3760786997,满仓中证1000指数,669762.8821323223,7.5%多IM + 7.5%空IF
133,2010-07-22,567305.0206598267,满仓中证1000指数,488856.8425670557,满仓中证1000指数,599704.8299967551,满仓中证1000指数,577219.3760786997,空仓,671706.4108851076,7.5%多IM + 7.5%空IF
134,2010-07-23,568161.4970175201,满仓中证1000指数,489594.8835021921,满仓中证1000指数,600610.2212585659,满仓中证1000指数,578090.8204178296,满仓中证1000指数,670331.4355327344,7.5%多IM + 7.5%空IF
135,2010-07-26,575999.878429821,满仓中证1000指数,496349.3564021445,满仓中证1000指数,600610.2212585659,空仓,578090.8204178296,空仓,674031.1902215903,7.5%多IM + 7.5%空IF
136,2010-07-27,575464.9245069844,满仓中证1000指数,495888.3770768908,满仓中证1000指数,600052.4107346575,满仓中证1000指数,577553.9245542723,满仓中证1000指数,676318.7263561279,7.5%多IM + 7.5%空IF
137,2010-07-28,586778.4436133947,满仓中证1000指数,505637.438035754,满仓中证1000指数,611849.3146372024,满仓中证1000指数,588908.5129612461,满仓中证1000指数,673953.4354026916,7.5%多IM + 7.5%空IF
138,2010-07-29,590816.1768083589,满仓中证1000指数,509116.8246601181,满仓中证1000指数,614894.327505834,满仓沪深300指数,588908.5129612461,空仓,674595.1914250775,5%多IM + 5%空IF
139,2010-07-30,591205.9093063844,满仓中证1000指数,509452.66409656254,满仓中证1000指数,614894.327505834,空仓,588908.5129612461,空仓,676533.9878136397,7.5%多IM + 7.5%空IF
140,2010-08-02,603675.2864388726,满仓中证1000指数,520197.74850754865,满仓中证1000指数,614894.327505834,空仓,601329.4347231106,满仓中证1000指数,678670.3593855785,7.5%多IM + 7.5%空IF
141,2010-08-03,594218.153708908,满仓中证1000指数,512048.3687598938,满仓中证1000指数,605261.4381019478,满仓中证1000指数,591909.0519339489,满仓中证1000指数,679647.8219677518,7.5%多IM + 7.5%空IF
142,2010-08-04,601308.2872306807,满仓中证1000指数,518158.0631229039,满仓中证1000指数,605261.4381019478,空仓,591909.0519339489,空仓,683868.9956143639,7.5%多IM + 7.5%空IF
143,2010-08-05,604555.5538065019,满仓中证1000指数,520956.290579772,满仓中证1000指数,608530.0530193202,满仓中证1000指数,595105.5594843823,满仓中证1000指数,691204.5074777876,7.5%多IM + 7.5%空IF
144,2010-08-06,616180.831407275,满仓中证1000指数,530973.9993870545,满仓中证1000指数,620231.7580987299,满仓中证1000指数,606549.1187854414,满仓中证1000指数,692657.4161521728,7.5%多IM + 7.5%空IF
145,2010-08-09,625688.5716034618,满仓中证1000指数,539166.9884899002,满仓中证1000指数,629802.0045537499,满仓中证1000指数,615908.2405621884,满仓中证1000指数,696983.3067551631,7.5%多IM + 7.5%空IF
146,2010-08-10,603137.7196305516,满仓中证1000指数,519734.5176123258,满仓中证1000指数,607102.8976473595,满仓中证1000指数,593709.8879117329,满仓中证1000指数,693476.841726766,7.5%多IM + 7.5%空IF
147,2010-08-11,610468.1010965905,满仓中证1000指数,526051.237908811,满仓中证1000指数,607102.8976473595,空仓,593709.8879117329,空仓,696571.4749929515,7.5%多IM + 7.5%空IF
148,2010-08-12,603524.2891619382,满仓中证1000指数,520067.63146407076,满仓中证1000指数,600197.3634537248,满仓中证1000指数,586956.693440151,满仓中证1000指数,696829.0180798679,7.5%多IM + 7.5%空IF
149,2010-08-13,614927.196455969,满仓中证1000指数,529893.7198166138,满仓中证1000指数,600197.3634537248,空仓,586956.693440151,空仓,699436.4654752396,7.5%多IM + 7.5%空IF
150,2010-08-16,628938.1760241902,满仓中证1000指数,541967.2305093724,满仓中证1000指数,613872.7270491491,满仓中证1000指数,600330.3713106653,满仓中证1000指数,699165.8692248485,7.5%多IM + 7.5%空IF
151,2010-08-17,635113.7996264604,满仓中证1000指数,547288.8753831955,满仓中证1000指数,613872.7270491491,空仓,600330.3713106653,空仓,700688.3965912964,7.5%多IM + 7.5%空IF
152,2010-08-18,634195.0265780097,满仓中证1000指数,546497.1522798482,满仓中证1000指数,612984.68191909,满仓中证1000指数,599461.9169239852,满仓中证1000指数,700808.5284359015,7.5%多IM + 7.5%空IF
153,2010-08-19,635559.3653616764,满仓中证1000指数,547672.8273147692,满仓中证1000指数,612984.68191909,空仓,599461.9169239852,空仓,698712.4680093777,7.5%多IM + 7.5%空IF
154,2010-08-20,621950.220076882,满仓中证1000指数,535945.5843825226,满仓中证1000指数,601149.3326951565,满仓沪深300指数,599461.9169239852,空仓,697977.0305556132,5%多IM + 5%空IF
155,2010-08-23,627899.4852840394,满仓中证1000指数,535549.6811180727,满仓沪深300指数,600705.2633900419,满仓沪深300指数,599461.9169239852,空仓,694380.9827148115,5%多IF + 5%空IM
156,2010-08-24,636216.7123414091,满仓中证1000指数,538440.8289647213,满仓沪深300指数,608662.2727319304,满仓中证1000指数,607402.4567590314,满仓中证1000指数,698467.9238743446,7.5%多IM + 7.5%空IF
157,2010-08-25,623615.0406912424,满仓中证1000指数,527775.8237895416,满仓中证1000指数,596606.3773773677,满仓中证1000指数,595371.5148313782,满仓中证1000指数,700470.056544981,7.5%多IM + 7.5%空IF
158,2010-08-26,627415.8264288679,满仓中证1000指数,530992.4922353496,满仓中证1000指数,596606.3773773677,空仓,595371.5148313782,空仓,702365.5144321854,7.5%多IM + 7.5%空IF
159,2010-08-27,630600.7963139322,满仓中证1000指数,533687.9854405351,满仓中证1000指数,596606.3773773677,空仓,598393.817210896,满仓中证1000指数,703473.5547056551,7.5%多IM + 7.5%空IF
160,2010-08-30,647153.7008975039,满仓中证1000指数,547696.9850358954,满仓中证1000指数,612266.9482114102,满仓中证1000指数,598393.817210896,空仓,706905.0218650823,7.5%多IM + 7.5%空IF
161,2010-08-31,654026.4148429257,满仓中证1000指数,553513.4776275337,满仓中证1000指数,618769.1679892739,满仓中证1000指数,604748.7055885659,满仓中证1000指数,714685.6447242176,7.5%多IM + 7.5%空IF
162,2010-09-01,646171.1184351213,满仓中证1000指数,546865.4090880953,满仓中证1000指数,611337.3347907116,满仓中证1000指数,597485.2675578936,满仓中证1000指数,711782.6708221843,7.5%多IM + 7.5%空IF
163,2010-09-02,660408.8689593211,满仓中证1000指数,558915.0551381494,满仓中证1000指数,619254.716296171,满仓沪深300指数,597485.2675578936,空仓,715015.2688175291,5%多IM + 5%空IF
164,2010-09-03,666411.3545181847,满仓中证1000指数,563995.0589127578,满仓中证1000指数,624883.1499325685,满仓中证1000指数,602915.8377072641,满仓中证1000指数,720107.4465542053,7.5%多IM + 7.5%空IF
165,2010-09-06,663439.9536413893,满仓中证1000指数,574595.2971865868,满仓沪深300指数,624883.1499325685,空仓,600227.5512057646,满仓中证1000指数,711734.8572715169,5%多IM + 5%空IF
166,2010-09-07,669143.1950521572,满仓中证1000指数,576143.8570932929,满仓沪深300指数,626567.2378412233,满仓沪深300指数,601845.1911781917,满仓沪深300指数,709634.7322933081,5%多IF + 5%空IM
167,2010-09-08,674623.2410344509,满仓中证1000指数,580862.2714067511,满仓中证1000指数,631698.6018000259,满仓中证1000指数,606774.0903230477,满仓中证1000指数,714375.458109508,7.5%多IM + 7.5%空IF
168,2010-09-09,665188.9366724017,满仓中证1000指数,572739.1722788889,满仓中证1000指数,622864.5793235337,满仓中证1000指数,598288.6259943427,满仓中证1000指数,716679.5618494514,7.5%多IM + 7.5%空IF
169,2010-09-10,671931.0063436088,满仓中证1000指数,578544.2108026061,满仓中证1000指数,629177.6674673831,满仓中证1000指数,598288.6259943427,空仓,721008.2302033798,7.5%多IM + 7.5%空IF
170,2010-09-13,683127.3581640918,满仓中证1000指数,588184.463249205,满仓中证1000指数,639661.6225997548,满仓中证1000指数,608257.8786163903,满仓中证1000指数,724530.2253788816,7.5%多IM + 7.5%空IF
171,2010-09-14,685244.207967235,满仓中证1000指数,590007.107519502,满仓中证1000指数,641643.7823884032,满仓中证1000指数,610142.7256441389,满仓中证1000指数,725720.6415842276,7.5%多IM + 7.5%空IF
172,2010-09-15,672200.546109357,满仓中证1000指数,578776.2891999154,满仓中证1000指数,629430.0570721223,满仓中证1000指数,610142.7256441389,空仓,724871.7873969368,7.5%多IM + 7.5%空IF
173,2010-09-16,655539.0004977541,满仓中证1000指数,564430.4104331792,满仓中证1000指数,629430.0570721223,空仓,610142.7256441389,空仓,721736.0325770559,7.5%多IM + 7.5%空IF
174,2010-09-17,655539.0004977541,空仓,564504.6518388491,满仓中证1000指数,629430.0570721223,空仓,610142.7256441389,空仓,721331.4333554195,5%多IM + 5%空IF
175,2010-09-20,655539.0004977541,空仓,562227.7877968914,满仓沪深300指数,629430.0570721223,空仓,610142.7256441389,空仓,725288.4406153653,5%多IF + 5%空IM
176,2010-09-21,655539.0004977541,空仓,563736.6220567382,满仓沪深300指数,631119.2400952688,满仓沪深300指数,610142.7256441389,空仓,727672.2496315114,5%多IF + 5%空IM
177,2010-09-27,655539.0004977541,空仓,573118.1068316458,满仓沪深300指数,641622.0800926127,满仓沪深300指数,610142.7256441389,空仓,724099.5278742203,5%多IF + 5%空IM
178,2010-09-28,655539.0004977541,空仓,571236.9396682548,满仓中证1000指数,639516.0597558108,满仓中证1000指数,608140.0311789283,满仓中证1000指数,726826.410959656,7.5%多IM + 7.5%空IF
179,2010-09-29,655539.0004977541,空仓,563470.9182225349,满仓中证1000指数,630821.7770684372,满仓中证1000指数,599872.3086347962,满仓中证1000指数,720568.7388872448,7.5%多IM + 7.5%空IF
180,2010-09-30,655539.0004977541,空仓,571212.3508081242,满仓中证1000指数,644154.8203485656,满仓沪深300指数,612551.204234671,满仓沪深300指数,723233.8193893214,5%多IF + 5%空IM
181,2010-10-08,655539.0004977541,空仓,584829.3273309442,满仓中证1000指数,667997.9319935982,满仓沪深300指数,635224.521719066,满仓沪深300指数,727998.4250898686,5%多IF + 5%空IM
182,2010-10-11,674631.296935685,满仓沪深300指数,601862.2344112552,满仓沪深300指数,687453.0895477068,满仓沪深300指数,653725.1675450115,满仓沪深300指数,741334.9932929284,7.5%多IF + 7.5%空IM
183,2010-10-12,683208.4242215486,满仓沪深300指数,609514.1904004712,满仓沪深300指数,696193.2305386353,满仓沪深300指数,662036.4984860375,满仓沪深300指数,745278.9245890835,7.5%多IF + 7.5%空IM
184,2010-10-13,692866.5481927837,满仓沪深300指数,618130.5414354019,满仓沪深300指数,696193.2305386353,空仓,671395.3271379909,满仓沪深300指数,751083.5483271962,7.5%多IF + 7.5%空IM
185,2010-10-14,694279.8113892167,满仓沪深300指数,619391.3630858054,满仓沪深300指数,697613.2792809109,满仓沪深300指数,672764.7947628548,满仓沪深300指数,770298.630500964,7.5%多IF + 7.5%空IM
186,2010-10-15,716576.5523839233,满仓沪深300指数,639283.0675117898,满仓沪深300指数,720017.0743321752,满仓沪深300指数,694370.5827075874,满仓沪深300指数,791254.030791326,7.5%多IF + 7.5%空IM
187,2010-10-18,711941.8329298891,满仓沪深300指数,635148.2717809295,满仓沪深300指数,715360.1020512063,满仓沪深300指数,689879.4884382068,满仓沪深300指数,797461.2145182374,7.5%多IF + 7.5%空IM
188,2010-10-19,726910.8376284785,满仓沪深300指数,648502.6457267095,满仓沪深300指数,730400.9779114149,满仓沪深300指数,689879.4884382068,空仓,790056.1643710075,7.5%多IF + 7.5%空IM
189,2010-10-20,731477.0796032401,满仓沪深300指数,652576.3502973032,满仓沪深300指数,734391.7134623082,满仓中证1000指数,693648.8243011119,满仓中证1000指数,790056.1643710075,空仓
190,2010-10-21,726697.8683611811,满仓沪深300指数,648312.6483760695,满仓沪深300指数,734391.7134623082,空仓,689116.7694335292,满仓沪深300指数,781541.1718421233,7.5%多IF + 7.5%空IM
191,2010-10-22,727552.7601621624,满仓沪深300指数,655574.4133635861,满仓中证1000指数,742617.6520511991,满仓中证1000指数,696835.5823259165,满仓中证1000指数,787417.1600670936,7.5%多IM + 7.5%空IF
192,2010-10-25,749608.9686274746,满仓沪深300指数,671541.144839723,满仓中证1000指数,760704.3503695559,满仓中证1000指数,713807.2432071425,满仓中证1000指数,783897.2380543717,7.5%多IM + 7.5%空IF
193,2010-10-26,746379.5448644232,满仓沪深300指数,678217.0036784676,满仓中证1000指数,760704.3503695559,空仓,710732.0584509195,满仓沪深300指数,778312.2656671399,5%多IF + 5%空IM
194,2010-10-27,732982.9381332806,满仓沪深300指数,673756.8325670467,满仓中证1000指数,755701.7161839658,满仓中证1000指数,706058.0579792854,满仓中证1000指数,784950.7638095912,7.5%多IM + 7.5%空IF
195,2010-10-28,731652.1493851539,满仓沪深300指数,676573.6789371411,满仓中证1000指数,758861.1581862032,满仓中证1000指数,709009.9494949782,满仓中证1000指数,788480.9140966247,7.5%多IM + 7.5%空IF
196,2010-10-29,741032.3543664997,满仓中证1000指数,685247.7459767129,满仓中证1000指数,758861.1581862032,空仓,718099.8683391523,满仓中证1000指数,799144.7129314668,7.5%多IM + 7.5%空IF
197,2010-11-01,762563.0736207004,满仓中证1000指数,705157.6416125267,满仓中证1000指数,780909.893917577,满仓中证1000指数,738964.2834629783,满仓中证1000指数,800065.6579189176,7.5%多IM + 7.5%空IF
198,2010-11-02,759796.6034890163,满仓中证1000指数,702599.4302053216,满仓中证1000指数,778076.8641370999,满仓中证1000指数,736283.4263781013,满仓中证1000指数,799593.0245899067,7.5%多IM + 7.5%空IF
199,2010-11-03,749605.1982557555,满仓中证1000指数,693175.2297324591,满仓中证1000指数,767640.2596713357,满仓中证1000指数,736283.4263781013,空仓,798958.8698807046,7.5%多IM + 7.5%空IF
200,2010-11-04,766773.6366110082,满仓中证1000指数,709051.2351667084,满仓中证1000指数,781143.0971319475,满仓沪深300指数,736283.4263781013,空仓,801081.4033858979,5%多IM + 5%空IF
201,2010-11-05,778226.8457067568,满仓中证1000指数,719642.25143046,满仓中证1000指数,792810.9411969772,满仓中证1000指数,747281.2067312627,满仓中证1000指数,803100.1982093218,7.5%多IM + 7.5%空IF
202,2010-11-08,796054.766405284,满仓中证1000指数,725317.960754801,满仓沪深300指数,792810.9411969772,空仓,747281.2067312627,空仓,803100.1982093218,空仓
203,2010-11-09,801353.9444926403,满仓中证1000指数,720287.3298886719,满仓沪深300指数,798088.5257857596,满仓中证1000指数,752255.7089425683,满仓中证1000指数,811287.3391156105,7.5%多IM + 7.5%空IF
204,2010-11-10,803576.8180313234,满仓中证1000指数,722285.3329644188,满仓中证1000指数,800302.3413883258,满仓中证1000指数,754342.3890184872,满仓中证1000指数,817264.6905343159,7.5%多IM + 7.5%空IF
205,2010-11-11,795755.5963211425,满仓中证1000指数,715255.3221423464,满仓中证1000指数,792512.9901941117,满仓中证1000指数,747000.3665291435,满仓中证1000指数,809395.7805145108,7.5%多IM + 7.5%空IF
206,2010-11-12,743268.1672957039,满仓中证1000指数,668077.6294819698,满仓中证1000指数,743258.9730837551,满仓沪深300指数,747000.3665291435,空仓,807853.8521348096,5%多IM + 5%空IF
207,2010-11-15,763168.8077264248,满仓中证1000指数,672757.6573375306,满仓沪深300指数,743258.9730837551,空仓,747000.3665291435,空仓,807853.8521348096,空仓
208,2010-11-16,739019.9236626693,满仓中证1000指数,643257.854694641,满仓沪深300指数,719740.0941822215,满仓中证1000指数,723363.0990409238,满仓中证1000指数,815249.4499799645,7.5%多IM + 7.5%空IF
209,2010-11-17,739019.9236626693,空仓,629937.8378595947,满仓沪深300指数,692675.9486158374,满仓中证1000指数,696162.7188369584,满仓中证1000指数,808362.4076651442,5%多IM + 5%空IF
210,2010-11-18,739019.9236626693,空仓,638879.0046941388,满仓沪深300指数,702507.6031801894,满仓沪深300指数,706043.8636722341,满仓沪深300指数,807399.5507627892,7.5%多IF + 7.5%空IM
211,2010-11-19,739019.9236626693,空仓,658456.1384163245,满仓中证1000指数,724034.5044983742,满仓中证1000指数,727679.1264235238,满仓中证1000指数,820014.4536158318,7.5%多IM + 7.5%空IF
212,2010-11-22,739019.9236626693,空仓,670532.7677707586,满仓中证1000指数,737313.8952436382,满仓中证1000指数,741025.3625447501,满仓中证1000指数,832630.1695964528,7.5%多IM + 7.5%空IF
213,2010-11-23,739019.9236626693,空仓,661644.072820945,满仓中证1000指数,727539.9384557126,满仓中证1000指数,731202.2059231378,满仓中证1000指数,837102.5984730561,7.5%多IM + 7.5%空IF
214,2010-11-24,739019.9236626693,空仓,680787.5227281371,满仓中证1000指数,748589.9635967643,满仓中证1000指数,752358.1920131184,满仓中证1000指数,841150.4894309891,7.5%多IM + 7.5%空IF
215,2010-11-25,739019.9236626693,空仓,685650.7164737729,满仓中证1000指数,753937.5028912869,满仓中证1000指数,757732.6495813384,满仓中证1000指数,836435.2953455743,7.5%多IM + 7.5%空IF
216,2010-11-26,739019.9236626693,空仓,684646.5416559881,满仓中证1000指数,753937.5028912869,空仓,751002.4646354341,满仓沪深300指数,836435.2953455743,空仓
217,2010-11-29,740817.7779877121,满仓中证1000指数,686312.118870661,满仓中证1000指数,755771.6480299826,满仓中证1000指数,752829.4695454924,满仓中证1000指数,838904.5216146954,7.5%多IM + 7.5%空IF
218,2010-11-30,718639.2646154256,满仓中证1000指数,665765.3893533414,满仓中证1000指数,733145.4474982426,满仓中证1000指数,730291.3515987023,满仓中证1000指数,830534.3450417002,7.5%多IM + 7.5%空IF
219,2010-12-01,720221.854184352,满仓中证1000指数,665561.4353850666,满仓沪深300指数,732920.8519789634,满仓沪深300指数,730291.3515987023,空仓,829492.6273487579,5%多IF + 5%空IM
220,2010-12-02,723916.2371583323,满仓中证1000指数,669601.2520199376,满仓沪深300指数,736680.3745498144,满仓中证1000指数,734037.3861291967,满仓中证1000指数,828907.6603388558,7.5%多IM + 7.5%空IF
221,2010-12-03,719329.0347860332,满仓中证1000指数,670258.5313537015,满仓沪深300指数,736680.3745498144,空仓,734037.3861291967,空仓,828907.6603388558,空仓
222,2010-12-06,709163.5435035017,满仓中证1000指数,671832.0118123795,满仓沪深300指数,736680.3745498144,空仓,735760.5920698666,满仓沪深300指数,835737.6438638038,5%多IF + 5%空IM
223,2010-12-07,709163.5435035017,空仓,679211.0706291817,满仓沪深300指数,744771.6945783471,满仓沪深300指数,735760.5920698666,空仓,834693.1845898526,5%多IF + 5%空IM
224,2010-12-08,702857.7530989605,满仓沪深300指数,673171.6137351169,满仓沪深300指数,744698.5582095005,满仓中证1000指数,735688.3405887267,满仓中证1000指数,834693.1845898526,空仓
225,2010-12-09,702857.7530989605,空仓,662875.0156863959,满仓沪深300指数,729455.391826378,满仓中证1000指数,720629.6035224432,满仓中证1000指数,832534.1433384393,5%多IM + 5%空IF
226,2010-12-10,702857.7530989605,空仓,671069.4659143446,满仓沪深300指数,729455.391826378,空仓,720629.6035224432,空仓,832280.2454709556,5%多IF + 5%空IM
227,2010-12-13,702857.7530989605,空仓,690257.0575326972,满仓中证1000指数,750312.3863300682,满仓中证1000指数,720629.6035224432,空仓,830567.7030994138,7.5%多IM + 7.5%空IF
228,2010-12-14,704671.0102802342,满仓沪深300指数,700330.9359097425,满仓中证1000指数,750312.3863300682,空仓,720629.6035224432,空仓,830567.7030994138,空仓
229,2010-12-15,699965.9818400575,满仓沪深300指数,697947.5753579619,满仓中证1000指数,747758.9293122535,满仓中证1000指数,718177.1627099442,满仓中证1000指数,832606.9896224049,7.5%多IM + 7.5%空IF
230,2010-12-16,696306.4913276547,满仓沪深300指数,698725.8494263471,满仓中证1000指数,748592.7475023785,满仓中证1000指数,718977.994580385,满仓中证1000指数,836568.0261471261,7.5%多IM + 7.5%空IF
231,2010-12-17,696782.556727043,满仓中证1000指数,699203.5689431304,满仓中证1000指数,749104.5610640179,满仓中证1000指数,719469.5605077524,满仓中证1000指数,837968.8225285776,7.5%多IM + 7.5%空IF
232,2010-12-20,688573.738133151,满仓中证1000指数,690966.2283233873,满仓中证1000指数,740279.3351879336,满仓中证1000指数,710993.4655639046,满仓中证1000指数,839722.815053023,7.5%多IM + 7.5%空IF
233,2010-12-21,695203.0124647408,满仓中证1000指数,697618.5364608405,满仓中证1000指数,740279.3351879336,空仓,717838.5868198645,满仓中证1000指数,831748.1529052402,7.5%多IM + 7.5%空IF
234,2010-12-22,689936.5071614536,满仓中证1000指数,692333.7323733023,满仓中证1000指数,732520.9467547394,满仓沪深300指数,710315.3853415066,满仓沪深300指数,831748.1529052402,空仓
235,2010-12-23,675552.9675892378,满仓中证1000指数,686553.3986600452,满仓沪深300指数,732520.9467547394,空仓,710315.3853415066,空仓,831748.1529052402,空仓
236,2010-12-24,662637.5933423017,满仓中证1000指数,681030.150488531,满仓沪深300指数,726627.894608096,满仓沪深300指数,710315.3853415066,空仓,836353.265279784,5%多IF + 5%空IM
237,2010-12-27,649387.5859193294,满仓沪深300指数,667412.3680990257,满仓沪深300指数,712098.3461882217,满仓沪深300指数,710315.3853415066,空仓,842979.9142436344,7.5%多IF + 7.5%空IM
238,2010-12-28,649387.5859193294,空仓,655617.8690993686,满仓沪深300指数,699514.1574119532,满仓沪深300指数,710315.3853415066,空仓,844876.2935195632,5%多IF + 5%空IM
239,2010-12-29,649387.5859193294,空仓,659256.469241674,满仓沪深300指数,703396.3766629329,满仓沪深300指数,710315.3853415066,空仓,839745.2444504361,5%多IF + 5%空IM
240,2010-12-30,649387.5859193294,空仓,659744.8025822709,满仓沪深300指数,706554.1923744676,满仓中证1000指数,713504.2631327424,满仓中证1000指数,841319.1997385808,5%多IM + 5%空IF
241,2010-12-31,649387.5859193294,空仓,673560.0283903509,满仓沪深300指数,722092.281587908,满仓中证1000指数,713504.2631327424,空仓,841319.1997385808,空仓
242,2011-01-04,500000.0,空仓,507291.1645787892,满仓中证1000指数,507291.1645787892,满仓中证1000指数,507291.1645787892,满仓中证1000指数,498105.53670147917,7.5%多IM + 7.5%空IF
243,2011-01-05,497802.28875480377,满仓沪深300指数,508516.7358315448,满仓中证1000指数,507291.1645787892,空仓,505061.4055848222,满仓沪深300指数,496409.1547740966,5%多IF + 5%空IM
244,2011-01-06,497802.28875480377,空仓,506717.802448039,满仓中证1000指数,505496.5667871826,满仓中证1000指数,503274.69580871,满仓中证1000指数,496970.1071350938,7.5%多IM + 7.5%空IF
245,2011-01-07,497802.28875480377,空仓,503529.2029665088,满仓中证1000指数,505496.5667871826,空仓,503274.69580871,空仓,494857.46728531836,5%多IM + 5%空IF
246,2011-01-10,497802.28875480377,空仓,489952.2941758937,满仓中证1000指数,496168.11387539306,满仓沪深300指数,503274.69580871,空仓,494857.46728531836,空仓
247,2011-01-11,497802.28875480377,空仓,492590.27948470344,满仓沪深300指数,498839.566199756,满仓沪深300指数,503274.69580871,空仓,498409.29626285593,5%多IF + 5%空IM
248,2011-01-12,500576.51059415366,满仓沪深300指数,495335.4551137995,满仓沪深300指数,501619.56872313697,满仓沪深300指数,506079.41503930476,满仓沪深300指数,497834.2210075835,7.5%多IF + 7.5%空IM
249,2011-01-13,500408.7669480535,满仓沪深300指数,495169.4677501797,满仓沪深300指数,501451.4755473046,满仓沪深300指数,506079.41503930476,空仓,497595.1401138051,7.5%多IF + 7.5%空IM
250,2011-01-14,492535.80733023264,满仓沪深300指数,487378.93832490355,满仓沪深300指数,501451.4755473046,空仓,506079.41503930476,空仓,498697.46515704336,5%多IF + 5%空IM
251,2011-01-17,473816.0624674314,满仓沪深300指数,468855.1899168452,满仓沪深300指数,501451.4755473046,空仓,506079.41503930476,空仓,500006.00830201013,5%多IF + 5%空IM
252,2011-01-18,473816.0624674314,空仓,469375.0629702336,满仓沪深300指数,501451.4755473046,空仓,506079.41503930476,空仓,499128.0834648255,5%多IF + 5%空IM
253,2011-01-19,473816.0624674314,空仓,479968.4616381717,满仓沪深300指数,501451.4755473046,空仓,519252.50425822777,满仓中证1000指数,499128.0834648255,空仓
254,2011-01-20,473816.0624674314,空仓,464183.42591342743,满仓沪深300指数,483564.22552620695,满仓中证1000指数,500730.2746494492,满仓中证1000指数,498433.47260420665,5%多IM + 5%空IF
255,2011-01-21,473816.0624674314,空仓,470290.5944117374,满仓沪深300指数,489926.3833288729,满仓沪深300指数,500730.2746494492,空仓,499593.5230834297,5%多IF + 5%空IM
256,2011-01-24,473816.0624674314,空仓,465683.93276461115,满仓沪深300指数,485127.3822286713,满仓沪深300指数,500730.2746494492,空仓,502574.8063431447,5%多IF + 5%空IM
257,2011-01-25,473816.0624674314,空仓,463228.328633112,满仓沪深300指数,482569.25058553764,满仓沪深300指数,500730.2746494492,空仓,506464.34435605723,5%多IF + 5%空IM
258,2011-01-26,473816.0624674314,空仓,469498.4894713867,满仓沪深300指数,489101.20605921396,满仓沪深300指数,507508.05390986276,满仓沪深300指数,505044.11871469626,7.5%多IF + 7.5%空IM
259,2011-01-27,473816.0624674314,空仓,477070.38216984377,满仓沪深300指数,497170.5821832342,满仓中证1000指数,515881.1131504332,满仓中证1000指数,505137.7433393137,5%多IM + 5%空IF
260,2011-01-28,473816.0624674314,空仓,478689.1136389903,满仓沪深300指数,502899.0260252127,满仓中证1000指数,515881.1131504332,空仓,505137.7433393137,空仓
261,2011-01-31,473816.0624674314,空仓,485465.5458935632,满仓中证1000指数,510018.17932043603,满仓中证1000指数,523184.04383148055,满仓中证1000指数,505538.92538827774,7.5%多IM + 7.5%空IF
262,2011-02-01,473935.42098963005,满仓沪深300指数,486850.7867673302,满仓中证1000指数,511473.4793604388,满仓中证1000指数,523184.04383148055,空仓,506196.50989632256,5%多IM + 5%空IF
263,2011-02-09,468339.5854469656,满仓沪深300指数,485838.4643476478,满仓中证1000指数,511473.4793604388,空仓,523184.04383148055,空仓,506196.50989632256,空仓
264,2011-02-10,468339.5854469656,空仓,500166.1929311183,满仓中证1000指数,526557.2031239733,满仓中证1000指数,538613.1206323165,满仓中证1000指数,509500.632474536,7.5%多IM + 7.5%空IF
265,2011-02-11,473082.98610782943,满仓中证1000指数,505231.93736915686,满仓中证1000指数,531890.2389443326,满仓中证1000指数,544068.2602612228,满仓中证1000指数,511303.61148447136,7.5%多IM + 7.5%空IF
266,2011-02-14,480111.3089429475,满仓中证1000指数,512737.87875093624,满仓中证1000指数,539792.2274366787,满仓中证1000指数,552151.1706379348,满仓中证1000指数,504936.29948455386,7.5%多IM + 7.5%空IF
267,2011-02-15,481354.79886769113,满仓中证1000指数,514065.87160256266,满仓中证1000指数,539545.3995825615,满仓沪深300指数,551898.6914771212,满仓沪深300指数,504936.29948455386,空仓
268,2011-02-16,490388.6927707149,满仓中证1000指数,523713.67516481504,满仓中证1000指数,539545.3995825615,空仓,562256.5278085554,满仓中证1000指数,508412.06483493693,7.5%多IM + 7.5%空IF
269,2011-02-17,493744.39793572034,满仓中证1000指数,527297.4215085674,满仓中证1000指数,543237.4816203923,满仓中证1000指数,566104.0209547878,满仓中证1000指数,511328.8766198315,7.5%多IM + 7.5%空IF
270,2011-02-18,490480.3312586419,满仓中证1000指数,523811.5410618195,满仓中证1000指数,539646.223939474,满仓中证1000指数,562361.5961732937,满仓中证1000指数,512814.327032582,7.5%多IM + 7.5%空IF
271,2011-02-21,500574.43811055546,满仓中证1000指数,534591.6056816897,满仓中证1000指数,539646.223939474,空仓,573935.0226277635,满仓中证1000指数,515217.46459984,7.5%多IM + 7.5%空IF
272,2011-02-22,487634.5362380954,满仓中证1000指数,520772.3564498019,满仓中证1000指数,525696.3122940091,满仓中证1000指数,559098.741929924,满仓中证1000指数,516416.91328870464,7.5%多IM + 7.5%空IF
273,2011-02-23,494080.18551558064,满仓中证1000指数,527656.027957117,满仓中证1000指数,525696.3122940091,空仓,559098.741929924,空仓,520169.6947845494,7.5%多IM + 7.5%空IF
274,2011-02-24,497354.63348377345,满仓中证1000指数,531152.9951687163,满仓中证1000指数,529180.2917615955,满仓中证1000指数,562804.0913715763,满仓中证1000指数,520765.3369998011,7.5%多IM + 7.5%空IF
275,2011-02-25,498219.5837843408,满仓中证1000指数,532076.7242583608,满仓中证1000指数,529180.2917615955,空仓,562804.0913715763,空仓,520626.7006691362,7.5%多IM + 7.5%空IF
276,2011-02-28,504653.3417647315,满仓中证1000指数,538947.6963804826,满仓中证1000指数,536121.3606253979,满仓沪深300指数,562804.0913715763,空仓,520573.8195650592,5%多IM + 5%空IF
277,2011-03-01,507098.0414467717,满仓中证1000指数,541558.52871416,满仓中证1000指数,538718.5012987809,满仓中证1000指数,565468.0459212825,满仓沪深300指数,520617.13958909526,7.5%多IM + 7.5%空IF
278,2011-03-02,506063.3098487988,满仓中证1000指数,539629.3190165014,满仓沪深300指数,536799.4087133842,满仓沪深300指数,565468.0459212825,空仓,520220.99343283667,5%多IF + 5%空IM
279,2011-03-03,497021.77154049993,满仓中证1000指数,536038.7760863187,满仓沪深300指数,533227.6952168029,满仓沪深300指数,565468.0459212825,空仓,523137.5334555516,5%多IF + 5%空IM
280,2011-03-04,503036.7859874899,满仓中证1000指数,544182.8861579864,满仓沪深300指数,541329.0961542755,满仓沪深300指数,565468.0459212825,空仓,523946.0481283955,5%多IF + 5%空IM
281,2011-03-07,508668.1645401202,满仓中证1000指数,554805.4358722862,满仓沪深300指数,541329.0961542755,空仓,565468.0459212825,空仓,523946.0481283955,空仓
282,2011-03-08,509117.7193715346,满仓沪深300指数,555295.76627151,满仓沪深300指数,541329.0961542755,空仓,565468.0459212825,空仓,522435.5259360808,5%多IF + 5%空IM
283,2011-03-09,509331.437158712,满仓沪深300指数,555528.8687110461,满仓沪深300指数,543370.523697917,满仓中证1000指数,567600.5048121748,满仓中证1000指数,522435.5259360808,空仓
284,2011-03-10,500392.35892116383,满仓沪深300指数,545778.9972946519,满仓沪深300指数,543370.523697917,空仓,564205.3084244812,满仓中证1000指数,519413.51172561466,5%多IF + 5%空IM
285,2011-03-11,495376.16905981314,满仓沪深300指数,545112.0933104744,满仓中证1000指数,542706.5627010025,满仓中证1000指数,563515.888769369,满仓中证1000指数,522842.6470756036,7.5%多IM + 7.5%空IF
286,2011-03-14,500455.9518751751,满仓中证1000指数,550701.887929178,满仓中证1000指数,548271.6900591169,满仓中证1000指数,569294.4031726496,满仓中证1000指数,524986.7310208774,7.5%多IM + 7.5%空IF
287,2011-03-15,495771.8689782827,满仓中证1000指数,545547.5216260697,满仓中证1000指数,543140.0695106281,满仓中证1000指数,563966.0177928656,满仓中证1000指数,528416.1151987177,7.5%多IM + 7.5%空IF
288,2011-03-16,502242.144422173,满仓中证1000指数,552667.4147735506,满仓中证1000指数,550228.5432104163,满仓中证1000指数,571326.2891282155,满仓中证1000指数,528116.8508707467,7.5%多IM + 7.5%空IF
289,2011-03-17,492674.1588733102,满仓中证1000指数,542138.8004455667,满仓中证1000指数,550228.5432104163,空仓,571326.2891282155,空仓,526801.7337026505,7.5%多IM + 7.5%空IF
290,2011-03-18,496382.9637817541,满仓中证1000指数,546219.9705413325,满仓中证1000指数,550228.5432104163,空仓,571326.2891282155,空仓,527479.2635679902,7.5%多IM + 7.5%空IF
291,2011-03-21,493784.02430798055,满仓中证1000指数,544763.4111310072,满仓沪深300指数,550228.5432104163,空仓,568334.9647807652,满仓中证1000指数,526801.6800931265,5%多IM + 5%空IF
292,2011-03-22,493784.02430798055,空仓,547455.8803103735,满仓沪深300指数,550228.5432104163,空仓,568334.9647807652,空仓,528102.5497040902,5%多IF + 5%空IM
293,2011-03-23,493784.02430798055,空仓,554584.103710292,满仓沪深300指数,557392.8684429665,满仓沪深300指数,575735.0471264792,满仓沪深300指数,528966.1885680864,7.5%多IF + 7.5%空IM
294,2011-03-24,496096.9533662498,满仓中证1000指数,552279.9371329086,满仓沪深300指数,557392.8684429665,空仓,573343.003351438,满仓沪深300指数,526628.4607370702,5%多IF + 5%空IM
295,2011-03-25,498745.0527547624,满仓中证1000指数,559604.8597511544,满仓沪深300指数,560368.1572530863,满仓中证1000指数,576403.4318549406,满仓中证1000指数,523498.23597768997,7.5%多IM + 7.5%空IF
296,2011-03-28,497932.3236170414,满仓中证1000指数,558940.1930488101,满仓沪深300指数,559702.5839495489,满仓沪深300指数,575718.8127677487,满仓沪深300指数,523613.8781419467,5%多IF + 5%空IM
297,2011-03-29,493000.4712755096,满仓沪深300指数,549892.0073028075,满仓中证1000指数,554158.9179365427,满仓沪深300指数,575718.8127677487,空仓,525258.9281113821,5%多IF + 5%空IM
298,2011-03-30,492713.11279500613,满仓沪深300指数,549571.488072368,满仓沪深300指数,553835.911623377,满仓沪深300指数,575718.8127677487,空仓,528459.0850461918,7.5%多IF + 7.5%空IM
299,2011-03-31,487750.9962638478,满仓沪深300指数,544036.7505238836,满仓沪深300指数,553835.911623377,空仓,575718.8127677487,空仓,529378.5293763628,5%多IF + 5%空IM
300,2011-04-01,495232.45526046265,满仓沪深300指数,552381.558987369,满仓沪深300指数,553835.911623377,空仓,575718.8127677487,空仓,530358.1149198184,5%多IF + 5%空IM
301,2011-04-06,501033.7977699634,满仓沪深300指数,558852.3679692486,满仓沪深300指数,560323.7574486246,满仓沪深300指数,582463.0032717256,满仓沪深300指数,535114.8140287794,7.5%多IF + 7.5%空IM
302,2011-04-07,503054.23506942735,满仓沪深300指数,561105.9607890631,满仓沪深300指数,562583.2837008731,满仓沪深300指数,584811.8068506577,满仓沪深300指数,534635.611930911,7.5%多IF + 7.5%空IM
303,2011-04-08,507433.3119874315,满仓沪深300指数,565990.3768025906,满仓沪深300指数,562583.2837008731,空仓,590985.8515273936,满仓中证1000指数,534140.4487169182,5%多IF + 5%空IM
304,2011-04-11,504417.3341702042,满仓沪深300指数,562626.3595398788,满仓沪深300指数,562583.2837008731,空仓,587373.8046593299,满仓中证1000指数,534185.3983175252,5%多IF + 5%空IM
305,2011-04-12,503410.1419394348,满仓沪深300指数,561502.9387932726,满仓沪深300指数,562583.2837008731,空仓,587373.8046593299,空仓,534620.1120938197,5%多IF + 5%空IM
306,2011-04-13,510258.928051908,满仓沪深300指数,569142.064843663,满仓沪深300指数,562583.2837008731,空仓,587373.8046593299,空仓,535913.3953747089,5%多IF + 5%空IM
307,2011-04-14,507463.87881895405,满仓沪深300指数,566024.4710019317,满仓沪深300指数,559501.6169447732,满仓沪深300指数,584156.3426769632,满仓沪深300指数,534105.8338589505,7.5%多IF + 7.5%空IM
308,2011-04-15,508278.590803699,满仓沪深300指数,566933.1995625879,满仓沪深300指数,559501.6169447732,空仓,584129.1783101056,满仓中证1000指数,534546.9945844274,5%多IF + 5%空IM
309,2011-04-18,508353.34335207636,满仓沪深300指数,567016.5784461251,满仓沪深300指数,559583.9028652204,满仓沪深300指数,584129.1783101056,空仓,532029.2447223186,7.5%多IF + 7.5%空IM
310,2011-04-19,498725.39670620306,满仓沪深300指数,556277.580786334,满仓沪深300指数,559583.9028652204,空仓,579330.154826034,满仓中证1000指数,529176.5601246501,5%多IF + 5%空IM
311,2011-04-20,502237.18895852723,满仓中证1000指数,556268.466495421,满仓沪深300指数,563524.2324084641,满仓中证1000指数,583409.5282902538,满仓中证1000指数,531977.724201908,7.5%多IM + 7.5%空IF
312,2011-04-21,504569.4092234545,满仓中证1000指数,559915.7019090953,满仓沪深300指数,566141.0490510666,满仓中证1000指数,586118.6855461148,满仓中证1000指数,531214.4903019163,7.5%多IM + 7.5%空IF
313,2011-04-22,500707.79315183987,满仓中证1000指数,556974.6552580114,满仓沪深300指数,566141.0490510666,空仓,586118.6855461148,空仓,531214.4903019163,空仓
314,2011-04-25,488559.48332400614,满仓中证1000指数,548473.3848005199,满仓沪深300指数,566141.0490510666,空仓,586118.6855461148,空仓,531214.4903019163,空仓
315,2011-04-26,488559.48332400614,空仓,545331.6549661857,满仓沪深300指数,562898.1164429658,满仓沪深300指数,586118.6855461148,空仓,534812.5094921528,5%多IF + 5%空IM
316,2011-04-27,488559.48332400614,空仓,541710.0745936,满仓沪深300指数,559159.8761414713,满仓沪深300指数,582226.2360463492,满仓沪深300指数,537420.7376758059,7.5%多IF + 7.5%空IM
317,2011-04-28,488559.48332400614,空仓,533654.5604750187,满仓沪深300指数,550844.874283363,满仓沪深300指数,582226.2360463492,空仓,542830.9530890451,5%多IF + 5%空IM
318,2011-04-29,488559.48332400614,空仓,538877.8930839766,满仓沪深300指数,556236.4631639312,满仓沪深300指数,582226.2360463492,空仓,541163.438827364,5%多IF + 5%空IM
319,2011-05-03,488559.48332400614,空仓,541985.0223694745,满仓沪深300指数,566371.4237189154,满仓中证1000指数,592834.7457848912,满仓中证1000指数,544533.445567255,5%多IM + 5%空IF
320,2011-05-04,488559.48332400614,空仓,531148.7247086413,满仓中证1000指数,555047.5511381262,满仓中证1000指数,580981.7729095076,满仓中证1000指数,546810.2073323478,7.5%多IM + 7.5%空IF
321,2011-05-05,488559.48332400614,空仓,533639.301900593,满仓中证1000指数,555047.5511381262,空仓,583706.0192180002,满仓中证1000指数,549114.7499099381,7.5%多IM + 7.5%空IF
322,2011-05-06,488559.48332400614,空仓,537843.7654887065,满仓中证1000指数,555047.5511381262,空仓,588304.9509219136,满仓中证1000指数,552981.4908095475,7.5%多IM + 7.5%空IF
323,2011-05-09,488559.48332400614,空仓,542781.4057072513,满仓中证1000指数,560143.1296082311,满仓中证1000指数,593705.8468192596,满仓中证1000指数,555677.7674478218,7.5%多IM + 7.5%空IF
324,2011-05-10,488559.48332400614,空仓,547286.868740898,满仓中证1000指数,564792.7070209145,满仓中证1000指数,598634.0181191193,满仓中证1000指数,556012.9542495309,7.5%多IM + 7.5%空IF
325,2011-05-11,488559.48332400614,空仓,548385.2043891426,满仓中证1000指数,563335.4182789195,满仓沪深300指数,599835.4010133678,满仓中证1000指数,557288.1956791716,5%多IM + 5%空IF
326,2011-05-12,488559.48332400614,空仓,539985.8058622641,满仓中证1000指数,554707.0332594856,满仓中证1000指数,590647.9602448783,满仓中证1000指数,556664.915532319,7.5%多IM + 7.5%空IF
327,2011-05-13,488559.48332400614,空仓,544558.0753152322,满仓中证1000指数,559444.644524062,满仓沪深300指数,590647.9602448783,空仓,556664.915532319,空仓
328,2011-05-16,488347.66333360807,满仓中证1000指数,544321.9765591511,满仓中证1000指数,559444.644524062,空仓,590647.9602448783,空仓,560171.611124956,7.5%多IM + 7.5%空IF
329,2011-05-17,484437.92224626633,满仓中证1000指数,539964.1017165257,满仓中证1000指数,554965.6966821537,满仓中证1000指数,585919.196759946,满仓中证1000指数,554698.8974572802,7.5%多IM + 7.5%空IF
330,2011-05-18,484437.92224626633,空仓,543950.4651084387,满仓中证1000指数,559124.5180994277,满仓沪深300指数,590309.9786025807,满仓沪深300指数,554729.7359106265,5%多IF + 5%空IM
331,2011-05-19,482355.32951913046,满仓中证1000指数,540703.4434152528,满仓沪深300指数,555786.9174245225,满仓沪深300指数,590309.9786025807,空仓,554266.4407222342,5%多IF + 5%空IM
332,2011-05-20,481081.937262148,满仓中证1000指数,539276.0152600481,满仓中证1000指数,555786.9174245225,空仓,590309.9786025807,空仓,553041.5335959905,7.5%多IM + 7.5%空IF
333,2011-05-23,462720.1960880849,满仓中证1000指数,522239.45975418354,满仓沪深300指数,538228.7572241838,满仓沪深300指数,590309.9786025807,空仓,554859.9519352171,5%多IF + 5%空IM
334,2011-05-24,462720.1960880849,空仓,522799.70910018735,满仓沪深300指数,538228.7572241838,空仓,590309.9786025807,空仓,555071.5871600647,5%多IF + 5%空IM
335,2011-05-25,462720.1960880849,空仓,516601.2056975912,满仓沪深300指数,538228.7572241838,空仓,583311.0489029979,满仓沪深300指数,554796.0892519208,5%多IF + 5%空IM
336,2011-05-26,462720.1960880849,空仓,514534.69238371565,满仓沪深300指数,538228.7572241838,空仓,583311.0489029979,空仓,555956.6582650124,5%多IF + 5%空IM
337,2011-05-27,462720.1960880849,空仓,511930.73358250794,满仓沪深300指数,535504.8874245711,满仓沪深300指数,583311.0489029979,空仓,564452.4645913623,5%多IF + 5%空IM
338,2011-05-30,462720.1960880849,空仓,510410.13082471385,满仓沪深300指数,533914.2616714902,满仓沪深300指数,581578.4231170708,满仓沪深300指数,570411.8378448134,7.5%多IF + 7.5%空IM
339,2011-05-31,462720.1960880849,空仓,518538.324389155,满仓沪深300指数,542416.7544779505,满仓沪深300指数,581578.4231170708,空仓,568920.0387058981,5%多IF + 5%空IM
340,2011-06-01,462720.1960880849,空仓,518990.42816297314,满仓沪深300指数,549632.349798243,满仓中证1000指数,589314.9734975352,满仓中证1000指数,572456.103371857,5%多IM + 5%空IF
341,2011-06-02,462720.1960880849,空仓,510617.26587431564,满仓沪深300指数,542030.4519855153,满仓中证1000指数,581164.2301694122,满仓中证1000指数,573115.1951294906,5%多IM + 5%空IF
342,2011-06-03,462720.1960880849,空仓,519494.3673632042,满仓中证1000指数,542030.4519855153,空仓,581164.2301694122,空仓,575126.0538548022,5%多IM + 5%空IF
343,2011-06-07,462720.1960880849,空仓,525266.4673224981,满仓中证1000指数,548052.950296174,满仓中证1000指数,587621.5437420896,满仓中证1000指数,577331.3899472784,7.5%多IM + 7.5%空IF
344,2011-06-08,462720.1960880849,空仓,529085.3769596313,满仓中证1000指数,552037.5273132719,满仓中证1000指数,591893.8011885296,满仓中证1000指数,579846.7503876148,7.5%多IM + 7.5%空IF
345,2011-06-09,462720.1960880849,空仓,517012.29532464955,满仓中证1000指数,552037.5273132719,空仓,578387.5080793666,满仓中证1000指数,578128.0024236239,7.5%多IM + 7.5%空IF
346,2011-06-10,462720.1960880849,空仓,517878.56521162624,满仓中证1000指数,552037.5273132719,空仓,578387.5080793666,空仓,577628.8762871518,5%多IM + 5%空IF
347,2011-06-13,462720.1960880849,空仓,515853.16243417846,满仓沪深300指数,552037.5273132719,空仓,578387.5080793666,空仓,576502.085171756,5%多IF + 5%空IM
348,2011-06-14,469762.0138563219,满仓中证1000指数,523408.3833782648,满仓沪深300指数,560438.6036039386,满仓中证1000指数,578387.5080793666,空仓,576667.0332653273,5%多IM + 5%空IF
349,2011-06-15,465741.8116901106,满仓中证1000指数,518086.10605216754,满仓沪深300指数,555642.3952648665,满仓中证1000指数,573437.6938238415,满仓中证1000指数,577363.5937511915,7.5%多IM + 7.5%空IF
350,2011-06-16,454981.3460937483,满仓中证1000指数,510123.4966005317,满仓沪深300指数,555642.3952648665,空仓,573437.6938238415,空仓,577363.5937511915,空仓
351,2011-06-17,454981.3460937483,空仓,505678.7655917696,满仓沪深300指数,550801.0558627911,满仓沪深300指数,573437.6938238415,空仓,579466.8996223072,5%多IF + 5%空IM
352,2011-06-20,454981.3460937483,空仓,502660.7685836959,满仓沪深300指数,547513.7595558314,满仓沪深300指数,573437.6938238415,空仓,581881.8728810739,5%多IF + 5%空IM
353,2011-06-21,454981.3460937483,空仓,508636.4411255495,满仓沪深300指数,554022.6481418322,满仓沪深300指数,580254.7682716884,满仓沪深300指数,581560.1119041849,7.5%多IF + 7.5%空IM
354,2011-06-22,454981.3460937483,空仓,508550.59230271407,满仓沪深300指数,554372.5902099126,满仓中证1000指数,580254.7682716884,空仓,581560.1119041849,空仓
355,2011-06-23,454981.3460937483,空仓,517126.2078090575,满仓沪深300指数,554372.5902099126,空仓,580254.7682716884,空仓,581217.6148919021,5%多IF + 5%空IM
356,2011-06-24,465725.20618997177,满仓沪深300指数,529337.5471892138,满仓沪深300指数,567462.2900815274,满仓中证1000指数,580254.7682716884,空仓,581218.2281678069,5%多IF + 5%空IM
357,2011-06-27,467112.9349156205,满仓沪深300指数,537601.8195368815,满仓中证1000指数,569153.1663970072,满仓沪深300指数,580254.7682716884,空仓,577547.0314737518,5%多IF + 5%空IM
358,2011-06-28,467919.4820510352,满仓沪深300指数,539691.6969167766,满仓中证1000指数,571365.6967213528,满仓中证1000指数,582510.4550471383,满仓中证1000指数,578482.9797039292,7.5%多IM + 7.5%空IF
359,2011-06-29,461525.4077265047,满仓沪深300指数,534061.6891945223,满仓中证1000指数,571365.6967213528,空仓,576433.7664878275,满仓中证1000指数,579418.0994230146,5%多IM + 5%空IF
360,2011-06-30,468281.75908782735,满仓沪深300指数,542080.6368178148,满仓中证1000指数,571365.6967213528,空仓,576433.7664878275,空仓,579418.0994230146,空仓
361,2011-07-01,470866.3938134602,满仓中证1000指数,545072.5971297895,满仓中证1000指数,574519.2930170061,满仓中证1000指数,579615.3354919116,满仓中证1000指数,581009.1990546574,7.5%多IM + 7.5%空IF
362,2011-07-04,481680.39709155716,满仓中证1000指数,557590.8335756412,满仓中证1000指数,587713.8076386572,满仓中证1000指数,592926.8867523057,满仓中证1000指数,580695.7134191593,7.5%多IM + 7.5%空IF
363,2011-07-05,485906.42672438774,满仓中证1000指数,562482.8644739578,满仓中证1000指数,592870.1228669735,满仓中证1000指数,593025.6452264506,满仓沪深300指数,584444.2289017073,7.5%多IM + 7.5%空IF
364,2011-07-06,488435.7972462708,满仓中证1000指数,565410.8512183516,满仓中证1000指数,595956.289522957,满仓中证1000指数,596112.621449153,满仓中证1000指数,587959.6082824797,7.5%多IM + 7.5%空IF
365,2011-07-07,487579.8268139308,满仓中证1000指数,564419.9841003072,满仓中证1000指数,594911.8923561755,满仓中证1000指数,595067.9503149284,满仓中证1000指数,588890.8151836614,7.5%多IM + 7.5%空IF
366,2011-07-08,486106.05063949776,满仓中证1000指数,562713.9481258977,满仓中证1000指数,593113.6904523546,满仓中证1000指数,593269.2767047556,满仓中证1000指数,586487.4130986421,7.5%多IM + 7.5%空IF
367,2011-07-11,491164.79168326396,满仓中证1000指数,568569.9216146854,满仓中证1000指数,593881.1256199501,满仓沪深300指数,593269.2767047556,空仓,589159.670358744,5%多IM + 5%空IF
368,2011-07-12,483449.5243931609,满仓中证1000指数,559638.7665468787,满仓中证1000指数,584552.3795447226,满仓中证1000指数,583950.1416154982,满仓中证1000指数,590209.7602668203,7.5%多IM + 7.5%空IF
369,2011-07-13,493252.04857514886,满仓中证1000指数,570986.1198184323,满仓中证1000指数,596404.8864704836,满仓中证1000指数,583950.1416154982,空仓,592040.1694555221,7.5%多IM + 7.5%空IF
370,2011-07-14,498538.4781383641,满仓中证1000指数,577105.6644056533,满仓中证1000指数,602796.8567270517,满仓中证1000指数,590208.6281255843,满仓中证1000指数,595441.3480016437,7.5%多IM + 7.5%空IF
371,2011-07-15,502577.3783717149,满仓中证1000指数,581781.075241222,满仓中证1000指数,607680.4042806716,满仓中证1000指数,594990.1923786859,满仓中证1000指数,597175.3808583189,7.5%多IM + 7.5%空IF
372,2011-07-18,503163.1789314626,满仓中证1000指数,582459.1950575795,满仓中证1000指数,607680.4042806716,空仓,595683.7086465072,满仓中证1000指数,598597.6606508534,7.5%多IM + 7.5%空IF
373,2011-07-19,497491.7260635141,满仓中证1000指数,575893.9494064818,满仓中证1000指数,607680.4042806716,空仓,588969.4016000974,满仓中证1000指数,597487.4834130156,7.5%多IM + 7.5%空IF
374,2011-07-20,498253.89151696744,满仓中证1000指数,576776.2283472061,满仓中证1000指数,607680.4042806716,空仓,588969.4016000974,空仓,598689.1350195456,7.5%多IM + 7.5%空IF
375,2011-07-21,491266.38170650473,满仓中证1000指数,568687.5217206558,满仓中证1000指数,607680.4042806716,空仓,588969.4016000974,空仓,597101.9433656859,7.5%多IM + 7.5%空IF
376,2011-07-22,494322.0596714031,满仓中证1000指数,570331.9745608637,满仓沪深300指数,607680.4042806716,空仓,588969.4016000974,空仓,597101.9433656859,空仓
377,2011-07-25,472913.18769703433,满仓中证1000指数,551798.6973330351,满仓沪深300指数,581362.0320331824,满仓中证1000指数,563461.3946864288,满仓中证1000指数,592259.1630451711,7.5%多IM + 7.5%空IF
378,2011-07-26,472913.18769703433,空仓,553560.4517493419,满仓沪深300指数,581362.0320331824,空仓,563461.3946864288,空仓,591335.034176445,5%多IF + 5%空IM
379,2011-07-27,472913.18769703433,空仓,557703.3723910865,满仓沪深300指数,581362.0320331824,空仓,563461.3946864288,空仓,588386.5430202087,5%多IF + 5%空IM
380,2011-07-28,472913.18769703433,空仓,554162.0173598904,满仓沪深300指数,578557.8998465826,满仓中证1000指数,560743.6041433814,满仓中证1000指数,588835.6308645622,5%多IM + 5%空IF
381,2011-07-29,472913.18769703433,空仓,552503.2503812362,满仓沪深300指数,578557.8998465826,空仓,560743.6041433814,空仓,590904.6051966175,5%多IF + 5%空IM
382,2011-08-01,472913.18769703433,空仓,553552.0863437563,满仓沪深300指数,579656.1962481703,满仓沪深300指数,560743.6041433814,空仓,589562.5456894735,5%多IF + 5%空IM
383,2011-08-02,472913.18769703433,空仓,549585.3969130127,满仓沪深300指数,576871.6241398408,满仓中证1000指数,558049.8849868741,满仓中证1000指数,590258.8334893074,5%多IM + 5%空IF
384,2011-08-03,472913.18769703433,空仓,549304.1333874379,满仓沪深300指数,579611.8696012818,满仓中证1000指数,560700.7237534247,满仓中证1000指数,591811.791630214,5%多IM + 5%空IF
385,2011-08-04,472913.18769703433,空仓,551670.3736155415,满仓中证1000指数,582108.6666198645,满仓中证1000指数,563116.0571322041,满仓中证1000指数,592906.798058017,7.5%多IM + 7.5%空IF
386,2011-08-05,472913.18769703433,空仓,538458.3799712332,满仓中证1000指数,582108.6666198645,空仓,563116.0571322041,空仓,592105.1902068494,5%多IM + 5%空IF
387,2011-08-08,472913.18769703433,空仓,508845.68135417486,满仓中证1000指数,550095.4058959573,满仓中证1000指数,563116.0571322041,空仓,583549.1400831299,7.5%多IM + 7.5%空IF
388,2011-08-09,472913.18769703433,空仓,508025.6296099277,满仓中证1000指数,550940.6623880581,满仓沪深300指数,563981.320681028,满仓沪深300指数,584467.6918505008,5%多IF + 5%空IM
389,2011-08-10,472913.18769703433,空仓,512733.35302248556,满仓沪深300指数,556046.0667300515,满仓沪深300指数,569207.5689505375,满仓沪深300指数,581511.2412597915,7.5%多IF + 7.5%空IM
390,2011-08-11,472913.18769703433,空仓,520504.63697740756,满仓沪深300指数,566362.0877455854,满仓中证1000指数,579767.7681765225,满仓中证1000指数,582498.6118000585,5%多IM + 5%空IF
391,2011-08-12,472913.18769703433,空仓,522037.1434689386,满仓沪深300指数,573260.1671189229,满仓中证1000指数,586829.1237466023,满仓中证1000指数,585188.4031504263,5%多IM + 5%空IF
392,2011-08-15,472913.18769703433,空仓,530664.554854179,满仓中证1000指数,582734.1123245114,满仓中证1000指数,596527.3153920468,满仓中证1000指数,585951.8281503408,7.5%多IM + 7.5%空IF
393,2011-08-16,472913.18769703433,空仓,527406.1616308651,满仓中证1000指数,578679.5741718808,满仓沪深300指数,592864.5108119873,满仓中证1000指数,586191.3568930407,5%多IM + 5%空IF
394,2011-08-17,472913.18769703433,空仓,526667.7018217872,满仓中证1000指数,578679.5741718808,空仓,592864.5108119873,空仓,586951.096870046,5%多IM + 5%空IF
395,2011-08-18,472913.18769703433,空仓,516674.38252672384,满仓中证1000指数,578679.5741718808,空仓,592864.5108119873,空仓,586645.826848568,5%多IM + 5%空IF
396,2011-08-19,472913.18769703433,空仓,511827.12048479484,满仓沪深300指数,578679.5741718808,空仓,592864.5108119873,空仓,586765.3380925657,5%多IF + 5%空IM
397,2011-08-22,472913.18769703433,空仓,506380.65008138324,满仓沪深300指数,578679.5741718808,空仓,592864.5108119873,空仓,585290.2249994491,5%多IF + 5%空IM
398,2011-08-23,481284.45704367064,满仓中证1000指数,514258.7725486268,满仓沪深300指数,588923.0664381465,满仓中证1000指数,603359.0976308442,满仓中证1000指数,586231.2770249585,7.5%多IM + 7.5%空IF
399,2011-08-24,481146.16437605745,满仓中证1000指数,512255.8816853446,满仓沪深300指数,586629.3795009274,满仓沪深300指数,603185.7279366461,满仓中证1000指数,586231.2770249585,空仓
400,2011-08-25,489351.8636036006,满仓中证1000指数,520992.14106735756,满仓中证1000指数,596634.0404597593,满仓中证1000指数,613472.7488634641,满仓中证1000指数,579049.8341918481,7.5%多IM + 7.5%空IF
401,2011-08-26,491904.11044243723,满仓中证1000指数,523709.40985490434,满仓中证1000指数,596095.5192479815,满仓沪深300指数,612919.0290524792,满仓沪深300指数,579049.8341918481,空仓
402,2011-08-29,489060.63669515343,满仓中证1000指数,520682.08414951724,满仓中证1000指数,592649.7623944138,满仓中证1000指数,609376.023146808,满仓中证1000指数,583785.5330147586,7.5%多IM + 7.5%空IF
403,2011-08-30,489060.63669515343,空仓,515151.34778552066,满仓中证1000指数,586354.5782661897,满仓中证1000指数,602903.1710300107,满仓中证1000指数,580833.5938709981,7.5%多IM + 7.5%空IF
404,2011-08-31,489060.63669515343,空仓,512354.8564659362,满仓中证1000指数,587393.6886901372,满仓沪深300指数,602903.1710300107,空仓,580833.5938709981,空仓
405,2011-09-01,489060.63669515343,空仓,509488.1112028465,满仓中证1000指数,584867.9240555976,满仓沪深300指数,600310.7163667078,满仓沪深300指数,581209.7655080836,5%多IF + 5%空IM
406,2011-09-02,483767.0455437145,满仓沪深300指数,503973.4131166298,满仓沪深300指数,578537.3150569613,满仓沪深300指数,600310.7163667078,空仓,581515.6223822833,7.5%多IF + 7.5%空IM
407,2011-09-05,483767.0455437145,空仓,493182.1765532128,满仓沪深300指数,578537.3150569613,空仓,600310.7163667078,空仓,582732.912087644,5%多IF + 5%空IM
408,2011-09-06,483767.0455437145,空仓,489494.92657633295,满仓沪深300指数,574211.9119848618,满仓沪深300指数,600310.7163667078,空仓,582300.7735670799,5%多IF + 5%空IM
409,2011-09-07,483767.0455437145,空仓,499522.25495988555,满仓沪深300指数,574211.9119848618,空仓,600310.7163667078,空仓,580903.1180908696,5%多IF + 5%空IM
410,2011-09-08,483767.0455437145,空仓,495390.8597800774,满仓沪深300指数,568195.5698591548,满仓中证1000指数,594020.9223446611,满仓中证1000指数,580262.1289118656,5%多IM + 5%空IF
411,2011-09-09,483767.0455437145,空仓,494490.34684334305,满仓沪深300指数,568195.5698591548,空仓,594020.9223446611,空仓,581327.7226866864,5%多IF + 5%空IM
412,2011-09-13,483767.0455437145,空仓,488952.10241087625,满仓沪深300指数,561831.8340017961,满仓沪深300指数,594020.9223446611,空仓,582958.8799638577,5%多IF + 5%空IM
413,2011-09-14,483767.0455437145,空仓,491257.3076830555,满仓沪深300指数,564480.6368179269,满仓沪深300指数,594020.9223446611,空仓,580628.2363735473,5%多IF + 5%空IM
414,2011-09-15,483767.0455437145,空仓,490528.08992171194,满仓沪深300指数,565557.8967482639,满仓中证1000指数,595154.5572219016,满仓中证1000指数,581613.2140176949,5%多IM + 5%空IF
415,2011-09-16,483767.0455437145,空仓,491415.3018689616,满仓沪深300指数,565603.2796589037,满仓中证1000指数,595154.5572219016,空仓,581613.2140176949,空仓
416,2011-09-19,483767.0455437145,空仓,481580.2986036337,满仓沪深300指数,565603.2796589037,空仓,595154.5572219016,空仓,581556.2407759146,5%多IF + 5%空IM
417,2011-09-20,483767.0455437145,空仓,483481.08189823764,满仓沪深300指数,565603.2796589037,空仓,595154.5572219016,空仓,580778.4547624235,5%多IF + 5%空IM
418,2011-09-21,483767.0455437145,空仓,498070.1104457385,满仓沪深300指数,565603.2796589037,空仓,612015.2711928543,满仓中证1000指数,580778.4547624235,空仓
419,2011-09-22,469654.66697763966,满仓中证1000指数,482733.88982677966,满仓沪深300指数,549103.5869363685,满仓中证1000指数,593170.532220693,满仓沪深300指数,580778.4547624235,空仓
420,2011-09-23,469654.66697763966,空仓,479820.25415722607,满仓沪深300指数,549103.5869363685,空仓,593170.532220693,空仓,581300.1063500918,5%多IF + 5%空IM
421,2011-09-26,469654.66697763966,空仓,469294.67789730075,满仓沪深300指数,549103.5869363685,空仓,593170.532220693,空仓,579326.813079074,5%多IF + 5%空IM
422,2011-09-27,469654.66697763966,空仓,474140.55190415855,满仓沪深300指数,549103.5869363685,空仓,593170.532220693,空仓,581309.4739435158,5%多IF + 5%空IM
423,2011-09-28,469654.66697763966,空仓,469235.5424170242,满仓沪深300指数,543423.0808237279,满仓沪深300指数,587034.1511911725,满仓沪深300指数,584992.3447619672,7.5%多IF + 7.5%空IM
424,2011-09-29,469654.66697763966,空仓,465208.3982358799,满仓沪深300指数,543423.0808237279,空仓,587034.1511911725,空仓,593838.7838933455,5%多IF + 5%空IM
425,2011-09-30,469654.66697763966,空仓,463980.0338826578,满仓沪深300指数,541988.1936984455,满仓沪深300指数,585484.1107615895,满仓沪深300指数,594222.147185661,7.5%多IF + 7.5%空IM
426,2011-10-10,469654.66697763966,空仓,459617.84856098006,满仓沪深300指数,541988.1936984455,空仓,585484.1107615895,空仓,592495.9874012914,5%多IF + 5%空IM
427,2011-10-11,469654.66697763966,空仓,458703.31566235644,满仓沪深300指数,541988.1936984455,空仓,584535.8114409334,满仓中证1000指数,592495.9874012914,空仓
428,2011-10-12,469654.66697763966,空仓,475377.004696932,满仓沪深300指数,561689.2560051132,满仓沪深300指数,584535.8114409334,空仓,592607.5341330445,5%多IF + 5%空IM
429,2011-10-13,469654.66697763966,空仓,478584.1608506548,满仓沪深300指数,565478.7223362102,满仓沪深300指数,588479.41326898,满仓沪深300指数,588516.6512952812,7.5%多IF + 7.5%空IM
430,2011-10-14,469654.66697763966,空仓,476999.00644166075,满仓沪深300指数,562852.3341077553,满仓中证1000指数,585746.1974243372,满仓中证1000指数,588124.591914341,5%多IM + 5%空IF
431,2011-10-17,469654.66697763966,空仓,479010.75926625705,满仓中证1000指数,565645.4054255445,满仓沪深300指数,585746.1974243372,空仓,588124.591914341,空仓
432,2011-10-18,456492.4719769655,满仓沪深300指数,463899.8070763609,满仓中证1000指数,565645.4054255445,空仓,585746.1974243372,空仓,588124.591914341,空仓
433,2011-10-19,456492.4719769655,空仓,462266.26694167545,满仓沪深300指数,565645.4054255445,空仓,585746.1974243372,空仓,588081.7402827322,5%多IF + 5%空IM
434,2011-10-20,456492.4719769655,空仓,451072.54412348475,满仓沪深300指数,551948.3690321977,满仓沪深300指数,585746.1974243372,空仓,589928.8111833561,5%多IF + 5%空IM
435,2011-10-21,456492.4719769655,空仓,448807.81467514497,满仓沪深300指数,549177.1657266645,满仓沪深300指数,585746.1974243372,空仓,594185.7070000742,5%多IF + 5%空IM
436,2011-10-24,456492.4719769655,空仓,461118.78015994845,满仓沪深300指数,564241.2998866206,满仓沪深300指数,601813.4337414353,满仓沪深300指数,599416.9234914022,7.5%多IF + 7.5%空IM
437,2011-10-25,465130.2702210198,满仓沪深300指数,469844.1178907469,满仓沪深300指数,574917.9327087923,满仓沪深300指数,613201.0104055306,满仓沪深300指数,595365.0724448462,7.5%多IF + 7.5%空IM
438,2011-10-26,469776.7452096737,满仓沪深300指数,474537.68242979125,满仓沪深300指数,579410.1927359793,满仓中证1000指数,617992.4045001565,满仓中证1000指数,595365.0724448462,空仓
439,2011-10-27,470808.9015098185,满仓沪深300指数,475580.2990845544,满仓沪深300指数,579182.0218624806,满仓中证1000指数,617992.4045001565,空仓,596136.3439042384,5%多IF + 5%空IM
440,2011-10-28,470808.9015098185,空仓,485750.57009588863,满仓中证1000指数,590414.6500252613,满仓沪深300指数,617992.4045001565,空仓,596136.3439042384,空仓
441,2011-10-31,468426.19588645047,满仓沪深300指数,490684.1058029751,满仓中证1000指数,596411.2086238678,满仓中证1000指数,624269.0571322015,满仓中证1000指数,602940.0764619327,7.5%多IM + 7.5%空IF
442,2011-11-01,468813.2334811435,满仓沪深300指数,491232.52709813835,满仓中证1000指数,597077.7975832722,满仓中证1000指数,624966.7818817786,满仓中证1000指数,603071.8561418337,7.5%多IM + 7.5%空IF
443,2011-11-02,476608.9040458259,满仓沪深300指数,499956.057769743,满仓中证1000指数,597077.7975832722,空仓,624966.7818817786,空仓,603071.8561418337,空仓
444,2011-11-03,476941.0229696958,满仓沪深300指数,502901.6508799642,满仓中证1000指数,597493.8637413247,满仓沪深300指数,628648.9011765025,满仓中证1000指数,603071.8561418337,空仓
445,2011-11-04,480441.34128956654,满仓中证1000指数,506592.4968690714,满仓中证1000指数,601878.9315307168,满仓中证1000指数,633262.6189310655,满仓中证1000指数,603186.5187717995,7.5%多IM + 7.5%空IF
446,2011-11-07,478685.13806052966,满仓中证1000指数,504740.700817509,满仓中证1000指数,601878.9315307168,空仓,633262.6189310655,空仓,606033.9257731001,7.5%多IM + 7.5%空IF
447,2011-11-08,472933.32376931555,满仓中证1000指数,498675.8064945262,满仓中证1000指数,601878.9315307168,空仓,625653.4230483249,满仓中证1000指数,601990.6809383807,7.5%多IM + 7.5%空IF
448,2011-11-09,481521.03667792433,满仓中证1000指数,503053.2122710586,满仓沪深300指数,607162.2604537224,满仓沪深300指数,625653.4230483249,空仓,599167.2417994849,5%多IF + 5%空IM
449,2011-11-10,475158.9318694626,满仓中证1000指数,493534.58509260346,满仓沪深300指数,599140.1188596619,满仓中证1000指数,617386.9666569943,满仓中证1000指数,601732.8130979963,7.5%多IM + 7.5%空IF
450,2011-11-11,475174.871095943,满仓中证1000指数,493551.14073114895,满仓中证1000指数,599140.1188596619,空仓,617407.6769289213,满仓中证1000指数,602514.609693485,7.5%多IM + 7.5%空IF
451,2011-11-14,487081.47327670094,满仓中证1000指数,503658.9507106496,满仓沪深300指数,599140.1188596619,空仓,617407.6769289213,空仓,602514.609693485,空仓
452,2011-11-15,490734.4444568895,满仓中证1000指数,507436.24821123603,满仓中证1000指数,603633.4977031758,满仓中证1000指数,622038.0572122774,满仓中证1000指数,606809.7971014682,7.5%多IM + 7.5%空IF
453,2011-11-16,478633.89719150926,满仓中证1000指数,494923.8672789318,满仓中证1000指数,588749.081594973,满仓中证1000指数,606699.8208256044,满仓中证1000指数,607951.5257166324,7.5%多IM + 7.5%空IF
454,2011-11-17,478640.7435706686,满仓中证1000指数,494930.9466698197,满仓中证1000指数,588749.081594973,空仓,606699.8208256044,空仓,609341.0774548238,7.5%多IM + 7.5%空IF
455,2011-11-18,463616.89937893796,满仓中证1000指数,479395.7764438958,满仓中证1000指数,588749.081594973,空仓,606699.8208256044,空仓,604528.1463605515,7.5%多IM + 7.5%空IF
456,2011-11-21,463616.89937893796,空仓,479982.86037016805,满仓沪深300指数,589470.0831961466,满仓沪深300指数,606699.8208256044,空仓,603984.5201228937,5%多IF + 5%空IM
457,2011-11-22,463616.89937893796,空仓,479943.86858057854,满仓沪深300指数,589470.0831961466,空仓,605959.1355456728,满仓中证1000指数,603984.5201228937,空仓
458,2011-11-23,463616.89937893796,空仓,475260.4396649783,满仓沪深300指数,583717.8662948518,满仓沪深300指数,605959.1355456728,空仓,602677.1075905861,5%多IF + 5%空IM
459,2011-11-24,463616.89937893796,空仓,476162.40068453935,满仓沪深300指数,582793.5138872231,满仓中证1000指数,605959.1355456728,空仓,602677.1075905861,空仓
460,2011-11-25,463616.89937893796,空仓,472678.52106942394,满仓沪深300指数,578529.4593547059,满仓沪深300指数,605959.1355456728,空仓,602592.1973659471,5%多IF + 5%空IM
461,2011-11-28,463616.89937893796,空仓,473294.2970672808,满仓沪深300指数,578529.4593547059,空仓,605959.1355456728,空仓,602833.3182982752,5%多IF + 5%空IM
462,2011-11-29,463616.89937893796,空仓,479777.233857144,满仓沪深300指数,578529.4593547059,空仓,605959.1355456728,空仓,601650.7405188652,5%多IF + 5%空IM
463,2011-11-30,463616.89937893796,空仓,463766.87398932735,满仓沪深300指数,552718.2054591299,满仓中证1000指数,578924.098962819,满仓中证1000指数,598267.9963314582,5%多IM + 5%空IF
464,2011-12-01,463616.89937893796,空仓,475187.2380977299,满仓沪深300指数,566329.0162127918,满仓沪深300指数,578924.098962819,空仓,599170.9963872859,5%多IF + 5%空IM
465,2011-12-02,463616.89937893796,空仓,470349.6812591297,满仓沪深300指数,560563.6071579417,满仓沪深300指数,573030.4679697406,满仓沪深300指数,604027.0179314017,7.5%多IF + 7.5%空IM
466,2011-12-05,463616.89937893796,空仓,463742.0443119945,满仓沪深300指数,552688.6134044419,满仓沪深300指数,564980.3353920913,满仓沪深300指数,613282.2499329585,7.5%多IF + 7.5%空IM
467,2011-12-06,463616.89937893796,空仓,462814.3339974214,满仓沪深300指数,551582.9665611346,满仓沪深300指数,564980.3353920913,空仓,612552.8329058534,5%多IF + 5%空IM
468,2011-12-07,463616.89937893796,空仓,465000.63306747086,满仓沪深300指数,553268.4018459357,满仓中证1000指数,566706.7081233332,满仓中证1000指数,612041.8752544307,5%多IM + 5%空IF
469,2011-12-08,463616.89937893796,空仓,464407.1118174457,满仓沪深300指数,552562.2166708816,满仓沪深300指数,566706.7081233332,空仓,611725.5222552019,5%多IF + 5%空IM
470,2011-12-09,463616.89937893796,空仓,460445.3988563229,满仓沪深300指数,546726.8222011065,满仓中证1000指数,566706.7081233332,空仓,611725.5222552019,空仓
471,2011-12-12,463616.89937893796,空仓,454426.9375348887,满仓中证1000指数,541099.1717279014,满仓沪深300指数,566706.7081233332,空仓,611725.5222552019,空仓
472,2011-12-13,463616.89937893796,空仓,444199.40976118005,满仓沪深300指数,528920.9614369392,满仓沪深300指数,566706.7081233332,空仓,616507.0263222087,5%多IF + 5%空IM
473,2011-12-14,463616.89937893796,空仓,439715.4667332117,满仓沪深300指数,523581.80202955374,满仓沪深300指数,566706.7081233332,空仓,620192.6019734881,5%多IF + 5%空IM
474,2011-12-15,463616.89937893796,空仓,429317.7369335724,满仓沪深300指数,511200.9273108242,满仓沪深300指数,566706.7081233332,空仓,621776.1356419947,5%多IF + 5%空IM
475,2011-12-16,463616.89937893796,空仓,438367.2392627194,满仓沪深300指数,521976.42896003096,满仓沪深300指数,566706.7081233332,空仓,619117.3672626452,5%多IF + 5%空IM
476,2011-12-19,463616.89937893796,空仓,437317.9657817391,满仓沪深300指数,523402.80151136353,满仓中证1000指数,568255.3123289553,满仓中证1000指数,620704.2370518058,5%多IM + 5%空IF
477,2011-12-20,463616.89937893796,空仓,435972.67282893526,满仓沪深300指数,521419.0364866335,满仓中证1000指数,566101.5504261529,满仓中证1000指数,620482.6780953384,5%多IM + 5%空IF
478,2011-12-21,463616.89937893796,空仓,424309.9721711512,满仓中证1000指数,521419.0364866335,空仓,566101.5504261529,空仓,617138.3796491304,5%多IM + 5%空IF
479,2011-12-22,463616.89937893796,空仓,416376.26876171696,满仓中证1000指数,521915.465122787,满仓沪深300指数,566101.5504261529,空仓,617138.3796491304,空仓
480,2011-12-23,463616.89937893796,空仓,419546.037553628,满仓沪深300指数,525888.6775209908,满仓沪深300指数,570411.1404825932,满仓沪深300指数,617160.0974215997,7.5%多IF + 7.5%空IM
481,2011-12-26,463616.89937893796,空仓,415374.51227580843,满仓沪深300指数,525888.6775209908,空仓,570411.1404825932,空仓,616318.2445715679,5%多IF + 5%空IM
482,2011-12-27,463616.89937893796,空仓,409920.7813769342,满仓沪深300指数,525888.6775209908,空仓,570411.1404825932,空仓,622145.5850089076,5%多IF + 5%空IM
483,2011-12-28,463616.89937893796,空仓,410435.2641594184,满仓沪深300指数,526548.7091231437,满仓沪深300指数,570411.1404825932,空仓,625227.348628986,5%多IF + 5%空IM
484,2011-12-29,463616.89937893796,空仓,411045.7789856431,满仓沪深300指数,526548.7091231437,空仓,570411.1404825932,空仓,625556.1950622483,5%多IF + 5%空IM
485,2011-12-30,463616.89937893796,空仓,417159.9969409108,满仓沪深300指数,526548.7091231437,空仓,570411.1404825932,空仓,624547.945050453,5%多IF + 5%空IM
486,2012-01-04,500000.0,空仓,489984.1926349957,满仓沪深300指数,486480.00006943877,满仓中证1000指数,486480.00006943877,满仓中证1000指数,498247.9037172216,5%多IM + 5%空IF
487,2012-01-05,500000.0,空仓,485216.4048731702,满仓沪深300指数,481746.3098288809,满仓沪深300指数,486480.00006943877,空仓,507486.2582045738,5%多IF + 5%空IM
488,2012-01-06,500000.0,空仓,488246.5761366765,满仓沪深300指数,484754.8103859164,满仓沪深300指数,489518.06247144326,满仓沪深300指数,507595.7025220822,7.5%多IF + 7.5%空IM
489,2012-01-09,500000.0,空仓,504865.83776050387,满仓沪深300指数,484754.8103859164,空仓,489518.06247144326,空仓,505105.23190277437,5%多IF + 5%空IM
490,2012-01-10,516630.07637519686,满仓沪深300指数,521657.75264287373,满仓沪深300指数,504534.7368566381,满仓中证1000指数,509492.34859367256,满仓中证1000指数,505105.23190277437,空仓
491,2012-01-11,514151.57668973267,满仓沪深300指数,524080.92063362675,满仓中证1000指数,506878.36621588765,满仓中证1000指数,511859.0067031149,满仓中证1000指数,508682.34892685106,7.5%多IM + 7.5%空IF
492,2012-01-12,514069.459631761,满仓沪深300指数,523986.96014679794,满仓中证1000指数,506787.48991000146,满仓中证1000指数,511767.23743702634,满仓中证1000指数,508674.8817859754,7.5%多IM + 7.5%空IF
493,2012-01-13,505438.72463131766,满仓沪深300指数,502436.2067129064,满仓中证1000指数,498279.01222279115,满仓沪深300指数,511767.23743702634,空仓,514865.29514548584,5%多IF + 5%空IM
494,2012-01-16,495161.42651473253,满仓沪深300指数,492219.9600556657,满仓沪深300指数,488147.2955491497,满仓沪深300指数,511767.23743702634,空仓,520548.3008816939,7.5%多IF + 7.5%空IM
495,2012-01-17,519427.5448899548,满仓沪深300指数,516341.9275147012,满仓沪深300指数,512069.67605789844,满仓沪深300指数,511767.23743702634,空仓,517924.40555113397,7.5%多IF + 7.5%空IM
496,2012-01-18,511318.85483646253,满仓沪深300指数,508281.4064795171,满仓沪深300指数,499114.23493850225,满仓中证1000指数,498819.4480609927,满仓中证1000指数,517924.40555113397,空仓
497,2012-01-19,521063.34201649105,满仓沪深300指数,517968.00732053374,满仓沪深300指数,508626.13190401415,满仓沪深300指数,498819.4480609927,空仓,522554.002959291,7.5%多IF + 7.5%空IM
498,2012-01-20,528607.1342624453,满仓沪深300指数,525466.9862779775,满仓沪深300指数,515989.86210828903,满仓沪深300指数,506041.200160941,满仓沪深300指数,523411.61957129854,7.5%多IF + 7.5%空IM
499,2012-01-30,519452.6655323677,满仓沪深300指数,523799.24636872765,满仓中证1000指数,514352.20092637214,满仓中证1000指数,497277.5304282803,满仓沪深300指数,523411.61957129854,空仓
500,2012-01-31,520199.9518696937,满仓沪深300指数,524070.4598601038,满仓中证1000指数,514618.52291361685,满仓中证1000指数,497535.01146924275,满仓中证1000指数,523050.1428840211,7.5%多IM + 7.5%空IF
501,2012-02-01,512755.3756063787,满仓沪深300指数,521188.18193927506,满仓中证1000指数,514618.52291361685,空仓,497535.01146924275,空仓,523050.1428840211,空仓
502,2012-02-02,512755.3756063787,空仓,531820.5815175241,满仓中证1000指数,514618.52291361685,空仓,507684.8790783398,满仓中证1000指数,521807.905370931,7.5%多IM + 7.5%空IF
503,2012-02-03,516849.6013870715,满仓沪深300指数,541329.5142055183,满仓中证1000指数,518727.62546811136,满仓沪深300指数,511738.61818918254,满仓沪深300指数,519226.20617403917,5%多IF + 5%空IM
504,2012-02-06,516484.9735823029,满仓沪深300指数,547208.0627851845,满仓中证1000指数,524360.7296420165,满仓中证1000指数,517295.82548746077,满仓中证1000指数,523729.82338554674,7.5%多IM + 7.5%空IF
505,2012-02-07,507674.287005768,满仓中证1000指数,537873.2728494521,满仓中证1000指数,515415.6910092851,满仓中证1000指数,508471.3066362969,满仓中证1000指数,524301.8346152415,7.5%多IM + 7.5%空IF
506,2012-02-08,521741.03889845294,满仓中证1000指数,552776.7849487239,满仓中证1000指数,515415.6910092851,空仓,508471.3066362969,空仓,523953.6412312639,7.5%多IM + 7.5%空IF
507,2012-02-09,526756.6543634043,满仓中证1000指数,558090.7541107213,满仓中证1000指数,520370.49946399796,满仓中证1000指数,508671.4180776747,满仓沪深300指数,527576.6520736376,7.5%多IM + 7.5%空IF
508,2012-02-10,529746.8863897253,满仓中证1000指数,561258.8599765168,满仓中证1000指数,523324.47929540684,满仓中证1000指数,511558.9858997618,满仓中证1000指数,529135.5596661558,7.5%多IM + 7.5%空IF
509,2012-02-13,537251.9418901857,满仓中证1000指数,569210.3534207841,满仓中证1000指数,530738.5469620021,满仓中证1000指数,518806.3689039395,满仓中证1000指数,535015.2053458133,7.5%多IM + 7.5%空IF
510,2012-02-14,537724.7104381948,满仓中证1000指数,569711.2445880672,满仓中证1000指数,531205.5838820306,满仓中证1000指数,519262.9057995749,满仓中证1000指数,536933.1099887908,7.5%多IM + 7.5%空IF
511,2012-02-15,547399.7677660501,满仓中证1000指数,579961.8223367102,满仓中证1000指数,540763.3452740025,满仓中证1000指数,528605.7875461578,满仓中证1000指数,539787.8502140024,7.5%多IM + 7.5%空IF
512,2012-02-16,548242.7942371008,满仓中证1000指数,580854.9962056433,满仓中证1000指数,541596.1512806626,满仓中证1000指数,529419.8702292227,满仓中证1000指数,542560.1735610083,7.5%多IM + 7.5%空IF
513,2012-02-17,546397.0221909421,满仓中证1000指数,578899.42847883,满仓中证1000指数,539772.7565240894,满仓中证1000指数,527637.4694253784,满仓中证1000指数,541027.8150932352,7.5%多IM + 7.5%空IF
514,2012-02-20,547642.3956050315,满仓中证1000指数,580218.8828835562,满仓中证1000指数,540542.9225250123,满仓沪深300指数,527637.4694253784,空仓,541258.4045470209,5%多IM + 5%空IF
515,2012-02-21,554698.4952239057,满仓中证1000指数,587694.7143225286,满仓中证1000指数,540542.9225250123,空仓,527637.4694253784,空仓,543014.1400084072,7.5%多IM + 7.5%空IF
516,2012-02-22,565661.90492476,满仓中证1000指数,599310.2820365597,满仓中证1000指数,551226.5525899302,满仓中证1000指数,538066.0280038497,满仓中证1000指数,545497.1531984032,7.5%多IM + 7.5%空IF
517,2012-02-23,566283.2122395423,满仓中证1000指数,599968.5477935636,满仓中证1000指数,551832.0045149134,满仓中证1000指数,538657.0247744013,满仓中证1000指数,544563.6034434227,7.5%多IM + 7.5%空IF
518,2012-02-24,572338.1634743491,满仓中证1000指数,606383.6775745454,满仓中证1000指数,551832.0045149134,空仓,538657.0247744013,空仓,542386.3326813197,7.5%多IM + 7.5%空IF
519,2012-02-27,572432.3977457428,满仓中证1000指数,606483.5173680241,满仓中证1000指数,551922.8624904878,满仓中证1000指数,540397.4779149854,满仓沪深300指数,541138.9325831844,7.5%多IM + 7.5%空IF
520,2012-02-28,567395.1476021511,满仓中证1000指数,601146.6265893421,满仓中证1000指数,551922.8624904878,空仓,540397.4779149854,空仓,536667.6890357692,7.5%多IM + 7.5%空IF
521,2012-02-29,561359.8973169479,满仓沪深300指数,594752.3696682092,满仓沪深300指数,546052.1873052437,满仓沪深300指数,534649.3955662157,满仓沪深300指数,537449.955805827,7.5%多IF + 7.5%空IM
522,2012-03-01,561189.8362389962,满仓沪深300指数,594572.1925134399,满仓沪深300指数,546052.1873052437,空仓,534649.3955662157,空仓,535374.634206383,5%多IF + 5%空IM
523,2012-03-02,571118.3770418682,满仓沪深300指数,605091.332192065,满仓沪深300指数,556504.6836581215,满仓中证1000指数,544883.6204024954,满仓中证1000指数,535374.634206383,空仓
524,2012-03-05,567445.2282454077,满仓沪深300指数,601199.6862777766,满仓沪深300指数,559335.6851498904,满仓中证1000指数,547655.5042473178,满仓中证1000指数,535374.634206383,空仓
525,2012-03-06,563519.8742935502,满仓中证1000指数,597040.8327939204,满仓中证1000指数,555466.4296996207,满仓中证1000指数,543867.0475102668,满仓中证1000指数,538877.163251619,7.5%多IM + 7.5%空IF
526,2012-03-07,561398.7238353941,满仓中证1000指数,594793.505780643,满仓中证1000指数,553375.5932879951,满仓中证1000指数,541819.8724422206,满仓中证1000指数,540138.6587379721,7.5%多IM + 7.5%空IF
527,2012-03-08,569131.1466759361,满仓中证1000指数,602985.891502654,满仓中证1000指数,553375.5932879951,空仓,549282.6260596658,满仓中证1000指数,540615.8927149011,7.5%多IM + 7.5%空IF
528,2012-03-09,577730.4707686254,满仓中证1000指数,612096.746065149,满仓中证1000指数,561736.8578215935,满仓中证1000指数,557582.0476386083,满仓中证1000指数,542356.418419023,7.5%多IM + 7.5%空IF
529,2012-03-12,581261.921208904,满仓中证1000指数,615838.2647018742,满仓中证1000指数,565170.5452835609,满仓中证1000指数,560990.338298793,满仓中证1000指数,546354.2989217335,7.5%多IM + 7.5%空IF
530,2012-03-13,586375.9687895897,满仓中证1000指数,621256.5212103036,满仓中证1000指数,570143.0180266077,满仓中证1000指数,565926.0328242459,满仓中证1000指数,545842.2325067634,7.5%多IM + 7.5%空IF
531,2012-03-14,558593.5151805743,满仓中证1000指数,591821.4293946343,满仓中证1000指数,570143.0180266077,空仓,565926.0328242459,空仓,538045.402539946,7.5%多IM + 7.5%空IF
532,2012-03-15,551387.8171514638,满仓中证1000指数,587377.8377868612,满仓沪深300指数,565862.1951224338,满仓沪深300指数,565926.0328242459,空仓,539495.8074599206,5%多IF + 5%空IM
533,2012-03-16,551387.8171514638,空仓,596004.6756045285,满仓沪深300指数,565862.1951224338,空仓,565926.0328242459,空仓,536314.7966829953,5%多IF + 5%空IM
534,2012-03-19,561029.2701409019,满仓中证1000指数,597479.739015023,满仓沪深300指数,575756.744082471,满仓中证1000指数,575821.6980370943,满仓中证1000指数,542352.7118055654,7.5%多IM + 7.5%空IF
535,2012-03-20,548330.0972200161,满仓中证1000指数,587127.7153758103,满仓沪深300指数,562724.2075596739,满仓中证1000指数,562787.6912496506,满仓中证1000指数,540193.0602825906,7.5%多IM + 7.5%空IF
536,2012-03-21,548330.0972200161,空仓,589528.859944686,满仓中证1000指数,562724.2075596739,空仓,562787.6912496506,空仓,540947.7649670067,5%多IM + 5%空IF
537,2012-03-22,547099.767773641,满仓中证1000指数,588206.0897382809,满仓中证1000指数,561461.5809662062,满仓中证1000指数,561524.9222130568,满仓中证1000指数,540671.7677247295,7.5%多IM + 7.5%空IF
538,2012-03-23,547099.767773641,空仓,575829.4620090995,满仓中证1000指数,554767.0605952775,满仓沪深300指数,561524.9222130568,空仓,540671.7677247295,空仓
539,2012-03-26,547099.767773641,空仓,576393.8016778529,满仓沪深300指数,555310.7581305151,满仓沪深300指数,561524.9222130568,空仓,541820.6871563519,5%多IF + 5%空IM
540,2012-03-27,547099.767773641,空仓,574521.9172210252,满仓沪深300指数,555310.7581305151,空仓,561524.9222130568,空仓,541496.3432910788,5%多IF + 5%空IM
541,2012-03-28,547099.767773641,空仓,558227.116785479,满仓沪深300指数,539560.8316051404,满仓沪深300指数,561524.9222130568,空仓,547157.1504265293,5%多IF + 5%空IM
542,2012-03-29,547099.767773641,空仓,551059.4165482132,满仓沪深300指数,532632.8086115856,满仓沪深300指数,561524.9222130568,空仓,549792.6396433454,5%多IF + 5%空IM
543,2012-03-30,547099.767773641,空仓,553715.7827668008,满仓沪深300指数,535200.349891562,满仓沪深300指数,564231.7371035548,满仓沪深300指数,554113.6252094456,7.5%多IF + 7.5%空IM
544,2012-04-05,547099.767773641,空仓,566782.8850968883,满仓沪深300指数,547830.5077393056,满仓沪深300指数,564231.7371035548,空仓,551620.6598632882,5%多IF + 5%空IM
545,2012-04-06,547099.767773641,空仓,568361.3219481811,满仓沪深300指数,553303.6780409346,满仓中证1000指数,569868.7659712886,满仓中证1000指数,553608.0722699214,5%多IM + 5%空IF
546,2012-04-09,547099.767773641,空仓,561181.0340316289,满仓中证1000指数,546313.6180910364,满仓中证1000指数,562669.4340387451,满仓中证1000指数,552429.9597182042,7.5%多IM + 7.5%空IF
547,2012-04-10,547099.767773641,空仓,567915.4525635822,满仓中证1000指数,546313.6180910364,空仓,562669.4340387451,空仓,553016.7683301272,5%多IM + 5%空IF
548,2012-04-11,547099.767773641,空仓,572362.972889119,满仓中证1000指数,550591.9678165272,满仓中证1000指数,567075.8711820722,满仓中证1000指数,556224.0801068705,7.5%多IM + 7.5%空IF
549,2012-04-12,547099.767773641,空仓,584413.8442891315,满仓中证1000指数,550591.9678165272,空仓,579015.4247894106,满仓中证1000指数,556664.1432387998,7.5%多IM + 7.5%空IF
550,2012-04-13,549232.0307335266,满仓沪深300指数,589399.3772775125,满仓中证1000指数,552737.8412534017,满仓沪深300指数,583954.9047987871,满仓中证1000指数,556664.1432387998,空仓
551,2012-04-16,547867.7059608307,满仓沪深300指数,592129.695877744,满仓中证1000指数,555298.3298918473,满仓中证1000指数,586660.0025639614,满仓中证1000指数,559635.240727332,7.5%多IM + 7.5%空IF
552,2012-04-17,540317.2106623693,满仓中证1000指数,583969.1993999247,满仓中证1000指数,547645.4286832632,满仓中证1000指数,578574.8872287071,满仓中证1000指数,559094.9454757943,7.5%多IM + 7.5%空IF
553,2012-04-18,552955.1380644906,满仓中证1000指数,597628.1393734339,满仓中证1000指数,547645.4286832632,空仓,578574.8872287071,空仓,559330.7147833976,7.5%多IM + 7.5%空IF
554,2012-04-19,552507.1925214158,满仓中证1000指数,597144.0045078361,满仓中证1000指数,547201.7845029728,满仓中证1000指数,578106.1872850258,满仓中证1000指数,559612.4064819992,7.5%多IM + 7.5%空IF
555,2012-04-20,556868.3948606472,满仓中证1000指数,604224.7007219257,满仓沪深300指数,547201.7845029728,空仓,578106.1872850258,空仓,559612.4064819992,空仓
556,2012-04-23,547681.7582851881,满仓中证1000指数,599440.0610848117,满仓沪深300指数,542868.6889765831,满仓沪深300指数,578106.1872850258,空仓,562012.6732920116,5%多IF + 5%空IM
557,2012-04-24,542748.4092516722,满仓中证1000指数,599170.4780044456,满仓沪深300指数,542624.5474469966,满仓沪深300指数,578106.1872850258,空仓,564417.5165214154,5%多IF + 5%空IM
558,2012-04-25,547149.7939666758,满仓沪深300指数,604029.4140024454,满仓沪深300指数,547024.9277123424,满仓沪深300指数,578106.1872850258,空仓,560945.9661560253,7.5%多IF + 7.5%空IM
559,2012-04-26,548295.1457834895,满仓沪深300指数,605293.8322556646,满仓沪深300指数,543621.2277873096,满仓中证1000指数,574509.0934660074,满仓中证1000指数,560945.9661560253,空仓
560,2012-04-27,547184.5899924003,满仓沪深300指数,604067.8272912006,满仓沪深300指数,543621.2277873096,空仓,573345.4420901224,满仓沪深300指数,563659.9875744977,7.5%多IF + 7.5%空IM
561,2012-05-02,559129.8364282623,满仓沪深300指数,609791.3866309237,满仓中证1000指数,555488.68467928,满仓沪深300指数,573345.4420901224,空仓,567142.0958994498,5%多IF + 5%空IM
562,2012-05-03,560803.1710545734,满仓沪深300指数,612733.2810214957,满仓中证1000指数,555488.68467928,空仓,575061.3204399806,满仓沪深300指数,566622.6845610235,5%多IF + 5%空IM
563,2012-05-04,565879.015262214,满仓沪深300指数,617663.4055731992,满仓中证1000指数,559958.2124287196,满仓中证1000指数,579688.3319349488,满仓中证1000指数,566195.631901681,7.5%多IM + 7.5%空IF
564,2012-05-07,566274.6898301838,满仓沪深300指数,622373.8048791031,满仓中证1000指数,564228.5427597058,满仓中证1000指数,580093.6622690118,满仓沪深300指数,566195.631901681,空仓
565,2012-05-08,564469.8804000872,满仓沪深300指数,623040.6930355877,满仓中证1000指数,564833.1269015304,满仓中证1000指数,580715.2462591897,满仓中证1000指数,568004.0689394545,7.5%多IM + 7.5%空IF
566,2012-05-09,553718.1168106339,满仓沪深300指数,613447.388070344,满仓中证1000指数,564833.1269015304,空仓,571773.6497991127,满仓中证1000指数,569040.6718484897,5%多IM + 5%空IF
567,2012-05-10,553655.608979991,满仓沪深300指数,615807.5457069942,满仓中证1000指数,564833.1269015304,空仓,571773.6497991127,空仓,569040.6718484897,空仓
568,2012-05-11,549983.5481698823,满仓中证1000指数,611723.2689138342,满仓中证1000指数,561086.9324154537,满仓中证1000指数,567981.4230472728,满仓中证1000指数,569470.0385572717,7.5%多IM + 7.5%空IF
569,2012-05-14,545523.6815110089,满仓沪深300指数,606762.7492390836,满仓沪深300指数,561086.9324154537,空仓,567981.4230472728,空仓,567581.3287975736,5%多IF + 5%空IM
570,2012-05-15,543428.6168721372,满仓中证1000指数,607189.6002984082,满仓沪深300指数,558932.0976552457,满仓中证1000指数,565800.110236679,满仓中证1000指数,565647.031086601,7.5%多IM + 7.5%空IF
571,2012-05-16,537827.439631096,满仓中证1000指数,600931.2317388656,满仓中证1000指数,558932.0976552457,空仓,556563.7759145369,满仓沪深300指数,567348.8563729795,5%多IM + 5%空IF
572,2012-05-17,537827.439631096,空仓,610102.8163293664,满仓沪深300指数,558932.0976552457,空仓,564530.1689182989,满仓中证1000指数,567348.8563729795,空仓
573,2012-05-18,537827.439631096,空仓,599054.0397306528,满仓中证1000指数,558932.0976552457,空仓,564530.1689182989,空仓,566548.853373987,5%多IM + 5%空IF
574,2012-05-21,537827.439631096,空仓,602138.940792912,满仓沪深300指数,561810.3859354862,满仓沪深300指数,564530.1689182989,空仓,568629.613787016,5%多IF + 5%空IM
575,2012-05-22,537827.439631096,空仓,611516.7607403034,满仓沪深300指数,561810.3859354862,空仓,573322.263101769,满仓沪深300指数,569316.3189072493,5%多IF + 5%空IM
576,2012-05-23,537827.439631096,空仓,610231.5557446495,满仓中证1000指数,560629.6472199348,满仓中证1000指数,570997.138874364,满仓沪深300指数,569872.5010664052,5%多IM + 5%空IF
577,2012-05-24,537827.439631096,空仓,605822.5533299639,满仓中证1000指数,556579.0250502557,满仓中证1000指数,570997.138874364,空仓,570313.7738123869,7.5%多IM + 7.5%空IF
578,2012-05-25,537827.439631096,空仓,598962.2001812257,满仓中证1000指数,556579.0250502557,空仓,570997.138874364,空仓,569519.1718698783,5%多IM + 5%空IF
579,2012-05-28,537827.439631096,空仓,606810.1101824791,满仓中证1000指数,565574.3491145236,满仓沪深300指数,570997.138874364,空仓,569519.1718698783,空仓
580,2012-05-29,537827.439631096,空仓,616102.6058384326,满仓中证1000指数,565574.3491145236,空仓,578894.8703167617,满仓沪深300指数,569519.1718698783,空仓
581,2012-05-30,536083.4112270161,满仓沪深300指数,617460.0401168215,满仓中证1000指数,566820.4565018163,满仓中证1000指数,580170.3262767022,满仓中证1000指数,571845.3680804573,7.5%多IM + 7.5%空IF
582,2012-05-31,534010.7036681422,满仓沪深300指数,618884.4650706263,满仓中证1000指数,568128.0604763431,满仓中证1000指数,581508.7272039091,满仓中证1000指数,574492.9980010798,7.5%多IM + 7.5%空IF
583,2012-06-01,534204.6649471441,满仓沪深300指数,617872.4613839547,满仓中证1000指数,567199.0539748824,满仓中证1000指数,580557.840553854,满仓中证1000指数,573631.9383115183,7.5%多IM + 7.5%空IF
584,2012-06-04,519196.60665182065,满仓沪深300指数,596089.8559135178,满仓中证1000指数,567199.0539748824,空仓,580557.840553854,空仓,573631.9383115183,空仓
585,2012-06-05,519196.60665182065,空仓,596046.9956481324,满仓沪深300指数,567158.2710262405,满仓沪深300指数,580557.840553854,空仓,574071.4433592558,5%多IF + 5%空IM
586,2012-06-06,519196.60665182065,空仓,595711.3345480219,满仓沪深300指数,566838.8784773654,满仓沪深300指数,580557.840553854,空仓,575005.3517460937,5%多IF + 5%空IM
587,2012-06-07,519196.60665182065,空仓,592166.7440134062,满仓沪深300指数,563466.0842953854,满仓沪深300指数,580557.840553854,空仓,574985.8798487497,5%多IF + 5%空IM
588,2012-06-08,519196.60665182065,空仓,588007.6677174498,满仓沪深300指数,563466.0842953854,空仓,580557.840553854,空仓,574126.2666256169,5%多IF + 5%空IM
589,2012-06-11,519196.60665182065,空仓,595912.5914463534,满仓沪深300指数,563466.0842953854,空仓,580557.840553854,空仓,573117.2464451753,5%多IF + 5%空IM
590,2012-06-12,519196.60665182065,空仓,592499.4803408225,满仓中证1000指数,560238.8117431628,满仓中证1000指数,577232.6743441788,满仓中证1000指数,573694.2993577124,7.5%多IM + 7.5%空IF
591,2012-06-13,519196.60665182065,空仓,602787.7806613899,满仓中证1000指数,560238.8117431628,空仓,577232.6743441788,空仓,574106.500112583,5%多IM + 5%空IF
592,2012-06-14,519196.60665182065,空仓,598631.4486864682,满仓中证1000指数,556375.8626895418,满仓中证1000指数,573252.549500384,满仓中证1000指数,574510.4518284437,7.5%多IM + 7.5%空IF
593,2012-06-15,519196.60665182065,空仓,599674.9688197175,满仓中证1000指数,556375.8626895418,空仓,573252.549500384,空仓,574154.8372987267,5%多IM + 5%空IF
594,2012-06-18,519196.60665182065,空仓,602747.5378699516,满仓沪深300指数,559226.5790690528,满仓沪深300指数,573252.549500384,空仓,572592.752936481,5%多IF + 5%空IM
595,2012-06-19,515851.69598977553,满仓中证1000指数,598864.3525021885,满仓中证1000指数,555623.7763487309,满仓中证1000指数,569559.3848296176,满仓中证1000指数,573584.6049997782,7.5%多IM + 7.5%空IF
596,2012-06-20,513790.3338685015,满仓中证1000指数,597457.6671202823,满仓沪深300指数,554318.6596878984,满仓沪深300指数,569559.3848296176,空仓,574056.9848423799,5%多IF + 5%空IM
597,2012-06-21,506305.86375986174,满仓中证1000指数,587995.6599241194,满仓沪深300指数,554318.6596878984,空仓,569559.3848296176,空仓,574056.9848423799,空仓
598,2012-06-25,493276.23043451924,满仓中证1000指数,574966.3828601309,满仓沪深300指数,554318.6596878984,空仓,569559.3848296176,空仓,574056.9848423799,空仓
599,2012-06-26,493276.23043451924,空仓,574591.1887391333,满仓沪深300指数,553956.939231757,满仓沪深300指数,569559.3848296176,空仓,574283.8857200311,5%多IF + 5%空IM
600,2012-06-27,493276.23043451924,空仓,572784.2650871673,满仓沪深300指数,552214.9043462847,满仓沪深300指数,569559.3848296176,空仓,574334.0653095326,5%多IF + 5%空IM
601,2012-06-28,493276.23043451924,空仓,567759.9874818431,满仓沪深300指数,544040.1453508586,满仓中证1000指数,569559.3848296176,空仓,574334.0653095326,空仓
602,2012-06-29,493276.23043451924,空仓,576158.6716014671,满仓沪深300指数,552087.9497575442,满仓沪深300指数,569559.3848296176,空仓,574726.4503537553,5%多IF + 5%空IM
603,2012-07-02,493276.23043451924,空仓,577007.3639799682,满仓沪深300指数,559636.5032859512,满仓中证1000指数,569559.3848296176,空仓,574726.4503537553,空仓
604,2012-07-03,493276.23043451924,空仓,579112.8758043334,满仓中证1000指数,561678.6284797917,满仓中证1000指数,571637.7188237718,满仓中证1000指数,575690.3422094042,7.5%多IM + 7.5%空IF
605,2012-07-04,493276.23043451924,空仓,577006.2602969691,满仓中证1000指数,561678.6284797917,空仓,571637.7188237718,空仓,575086.5608071301,5%多IM + 5%空IF
606,2012-07-05,493276.23043451924,空仓,563311.130967603,满仓中证1000指数,553805.9823866144,满仓沪深300指数,571637.7188237718,空仓,575086.5608071301,空仓
607,2012-07-06,493276.23043451924,空仓,574789.5918276903,满仓中证1000指数,563432.0804375038,满仓沪深300指数,571637.7188237718,空仓,575086.5608071301,空仓
608,2012-07-09,493276.23043451924,空仓,561637.338574078,满仓沪深300指数,549172.042480598,满仓中证1000指数,557170.0023925448,满仓中证1000指数,574388.5830338049,5%多IM + 5%空IF
609,2012-07-10,493276.23043451924,空仓,559468.4651099012,满仓沪深300指数,549172.042480598,空仓,557170.0023925448,空仓,576606.1259724046,5%多IF + 5%空IM
610,2012-07-11,493276.23043451924,空仓,563854.0992765852,满仓沪深300指数,553476.963710461,满仓沪深300指数,557170.0023925448,空仓,576241.9244047013,5%多IF + 5%空IM
611,2012-07-12,493276.23043451924,空仓,572179.6454718407,满仓中证1000指数,561649.2870744186,满仓中证1000指数,565396.8550473029,满仓中证1000指数,578416.6839678261,7.5%多IM + 7.5%空IF
612,2012-07-13,493568.66986083804,满仓沪深300指数,568098.0118460184,满仓中证1000指数,557642.7715784826,满仓中证1000指数,561363.6063399109,满仓中证1000指数,575064.9036060945,7.5%多IM + 7.5%空IF
613,2012-07-16,493568.66986083804,空仓,543507.1834938362,满仓中证1000指数,546059.99587976,满仓沪深300指数,561363.6063399109,空仓,575064.9036060945,空仓
614,2012-07-17,493568.66986083804,空仓,546784.446214181,满仓沪深300指数,549352.6516567535,满仓沪深300指数,561363.6063399109,空仓,574328.1152061829,5%多IF + 5%空IM
615,2012-07-18,493568.66986083804,空仓,546814.7954335677,满仓沪深300指数,549383.1434241424,满仓沪深300指数,566391.9327021722,满仓中证1000指数,571771.8272628422,5%多IF + 5%空IM
616,2012-07-19,493568.66986083804,空仓,549076.7182247277,满仓沪深300指数,549383.1434241424,空仓,574444.29320272,满仓中证1000指数,571771.8272628422,空仓
617,2012-07-20,493568.66986083804,空仓,543218.1864495266,满仓沪深300指数,546989.8059264128,满仓中证1000指数,571941.7790944242,满仓中证1000指数,573576.7332658987,5%多IM + 5%空IF
618,2012-07-23,493568.66986083804,空仓,535738.6892776767,满仓沪深300指数,546989.8059264128,空仓,566497.1816679249,满仓中证1000指数,573576.7332658987,空仓
619,2012-07-24,493568.66986083804,空仓,540355.9441041895,满仓中证1000指数,551704.0283113449,满仓中证1000指数,571379.5280405356,满仓中证1000指数,575363.6073106136,7.5%多IM + 7.5%空IF
620,2012-07-25,493568.66986083804,空仓,536590.4323510897,满仓中证1000指数,551704.0283113449,空仓,567397.8260683584,满仓中证1000指数,575245.8676692474,7.5%多IM + 7.5%空IF
621,2012-07-26,493568.66986083804,空仓,530788.9341703346,满仓中证1000指数,551704.0283113449,空仓,567397.8260683584,空仓,573671.102145213,5%多IM + 5%空IF
622,2012-07-27,493568.66986083804,空仓,531155.2312816961,满仓沪深300指数,552084.7589160869,满仓沪深300指数,567397.8260683584,空仓,575894.251445607,5%多IF + 5%空IM
623,2012-07-30,493568.66986083804,空仓,528144.5855793633,满仓沪深300指数,548955.4823715569,满仓沪深300指数,567397.8260683584,空仓,581448.830901655,5%多IF + 5%空IM
624,2012-07-31,493568.66986083804,空仓,527495.4256986724,满仓沪深300指数,548280.7431331532,满仓沪深300指数,566700.4187387525,满仓沪深300指数,589174.3344126635,7.5%多IF + 7.5%空IM
625,2012-08-01,493568.66986083804,空仓,533312.9925988093,满仓沪深300指数,554327.5442006869,满仓沪深300指数,572950.3641178646,满仓沪深300指数,585815.907517069,7.5%多IF + 7.5%空IM
626,2012-08-02,493568.66986083804,空仓,527938.5999815543,满仓沪深300指数,551203.6618424464,满仓中证1000指数,569721.5338832131,满仓中证1000指数,587116.9828404982,5%多IM + 5%空IF
627,2012-08-03,493568.66986083804,空仓,532201.8913610126,满仓沪深300指数,551203.6618424464,空仓,569721.5338832131,空仓,582427.0633920043,5%多IF + 5%空IM
628,2012-08-06,493568.66986083804,空仓,539408.9000817154,满仓沪深300指数,565830.4685016256,满仓中证1000指数,584839.7330218514,满仓中证1000指数,586211.1649602967,5%多IM + 5%空IF
629,2012-08-07,494243.5581813087,满仓沪深300指数,545718.3084850775,满仓中证1000指数,572448.9271742606,满仓中证1000指数,591680.5410351955,满仓中证1000指数,590752.6287995492,7.5%多IM + 7.5%空IF
630,2012-08-08,494434.3144754453,满仓沪深300指数,544302.1286984277,满仓中证1000指数,570963.3794347977,满仓中证1000指数,590145.0858207751,满仓中证1000指数,589431.8399741636,7.5%多IM + 7.5%空IF
631,2012-08-09,498966.328166404,满仓沪深300指数,552088.09844707,满仓中证1000指数,576196.8629873699,满仓沪深300指数,590145.0858207751,空仓,587917.4593926517,5%多IF + 5%空IM
632,2012-08-10,498492.1144242881,满仓中证1000指数,551563.3981850216,满仓中证1000指数,575649.2499418227,满仓中证1000指数,589584.2164920435,满仓中证1000指数,589683.065505953,7.5%多IM + 7.5%空IF
633,2012-08-13,488241.87734404183,满仓中证1000指数,540221.8835800972,满仓中证1000指数,563812.4703494632,满仓中证1000指数,589584.2164920435,空仓,589402.0438684938,7.5%多IM + 7.5%空IF
634,2012-08-14,493472.50109560054,满仓中证1000指数,541389.8720448969,满仓沪深300指数,563812.4703494632,空仓,589584.2164920435,空仓,589402.0438684938,空仓
635,2012-08-15,488401.2545798842,满仓中证1000指数,535826.1952520539,满仓中证1000指数,558018.3642555488,满仓中证1000指数,583525.2630610652,满仓中证1000指数,589623.1169642565,7.5%多IM + 7.5%空IF
636,2012-08-16,484542.4784316608,满仓中证1000指数,533081.1263181665,满仓沪深300指数,558018.3642555488,空仓,583525.2630610652,空仓,589623.1169642565,空仓
637,2012-08-17,484978.4920110155,满仓中证1000指数,531657.6891497698,满仓沪深300指数,556528.3394898714,满仓沪深300指数,583525.2630610652,空仓,588570.6239767644,5%多IF + 5%空IM
638,2012-08-20,488010.43753009674,满仓中证1000指数,528971.6811381101,满仓沪深300指数,556528.3394898714,空仓,583525.2630610652,空仓,588570.6239767644,空仓
639,2012-08-21,496719.37500296434,满仓中证1000指数,531709.8558009203,满仓沪深300指数,566460.0338508085,满仓中证1000指数,593938.7391653013,满仓中证1000指数,594163.2474870256,7.5%多IM + 7.5%空IF
640,2012-08-22,493691.6273039667,满仓中证1000指数,528468.8239961392,满仓中证1000指数,563007.1827031043,满仓中证1000指数,590318.3918598583,满仓中证1000指数,594936.3201949481,7.5%多IM + 7.5%空IF
641,2012-08-23,497612.3912620918,满仓中证1000指数,532665.7789443769,满仓中证1000指数,563007.1827031043,空仓,590318.3918598583,空仓,597194.5411389258,7.5%多IM + 7.5%空IF
642,2012-08-24,497612.3912620918,空仓,520583.5814445683,满仓中证1000指数,550236.7659725412,满仓中证1000指数,576928.4883215554,满仓中证1000指数,592195.027937745,7.5%多IM + 7.5%空IF
643,2012-08-27,497612.3912620918,空仓,508505.8774725416,满仓中证1000指数,538758.2521100668,满仓沪深300指数,576928.4883215554,空仓,592195.027937745,空仓
644,2012-08-28,497612.3912620918,空仓,510835.25103589677,满仓沪深300指数,541226.2063365593,满仓沪深300指数,576928.4883215554,空仓,591288.183338843,5%多IF + 5%空IM
645,2012-08-29,497612.3912620918,空仓,505450.10084735043,满仓沪深300指数,535520.6791608422,满仓沪深300指数,576928.4883215554,空仓,589269.1268553309,5%多IF + 5%空IM
646,2012-08-30,497612.3912620918,空仓,504664.13410372403,满仓沪深300指数,534687.9531535885,满仓沪深300指数,565549.4495604535,满仓中证1000指数,594622.1944303331,5%多IF + 5%空IM
647,2012-08-31,497612.3912620918,空仓,503180.29096578585,满仓沪深300指数,533115.8322188717,满仓沪深300指数,563886.5878407767,满仓沪深300指数,591462.1701152864,7.5%多IF + 7.5%空IM
648,2012-09-03,497612.3912620918,空仓,508543.5326736736,满仓沪深300指数,543101.1864675019,满仓中证1000指数,574448.2838088113,满仓中证1000指数,593849.1605217544,5%多IM + 5%空IF
649,2012-09-04,497612.3912620918,空仓,504578.1669640952,满仓中证1000指数,538866.3576214304,满仓中证1000指数,569969.0261244877,满仓中证1000指数,595165.5731786181,7.5%多IM + 7.5%空IF
650,2012-09-05,497612.3912620918,空仓,508836.2218684179,满仓中证1000指数,538866.3576214304,空仓,569969.0261244877,空仓,598288.6219916649,5%多IM + 5%空IF
651,2012-09-06,497612.3912620918,空仓,514578.4059178243,满仓中证1000指数,544947.4298220956,满仓中证1000指数,576401.08993954,满仓中证1000指数,599691.4399417181,7.5%多IM + 7.5%空IF
652,2012-09-07,497612.3912620918,空仓,531212.7348860322,满仓中证1000指数,562563.4718358907,满仓中证1000指数,595033.9070912552,满仓中证1000指数,594081.5865931849,7.5%多IM + 7.5%空IF
653,2012-09-10,503017.57479051803,满仓中证1000指数,536982.8932967054,满仓中证1000指数,568674.1693688626,满仓中证1000指数,597470.0963871941,满仓沪深300指数,597097.1599303993,7.5%多IM + 7.5%空IF
654,2012-09-11,502087.57880048093,满仓中证1000指数,535990.1010713197,满仓中证1000指数,567622.7852350757,满仓中证1000指数,596365.4733647509,满仓中证1000指数,599113.2066158538,7.5%多IM + 7.5%空IF
655,2012-09-12,505773.691503798,满仓中证1000指数,539925.1116229277,满仓中证1000指数,567622.7852350757,空仓,600743.7341304153,满仓中证1000指数,600821.9868237181,7.5%多IM + 7.5%空IF
656,2012-09-13,497267.4062388092,满仓中证1000指数,530844.4553959498,满仓中证1000指数,558076.2994940695,满仓中证1000指数,590640.2082659634,满仓中证1000指数,597440.5641351488,7.5%多IM + 7.5%空IF
657,2012-09-14,497366.92919098045,满仓中证1000指数,530950.6984488463,满仓中证1000指数,562223.6403763635,满仓沪深300指数,590640.2082659634,空仓,595280.4118275498,5%多IM + 5%空IF
658,2012-09-17,482635.16267553787,满仓中证1000指数,515224.1970236658,满仓中证1000指数,562223.6403763635,空仓,590640.2082659634,空仓,593015.2327126313,7.5%多IM + 7.5%空IF
659,2012-09-18,477620.998928017,满仓沪深300指数,509871.46127138415,满仓沪深300指数,556382.6208784336,满仓沪深300指数,590640.2082659634,空仓,589404.9300577828,7.5%多IF + 7.5%空IM
660,2012-09-19,482025.6282033849,满仓中证1000指数,512379.9431203504,满仓沪深300指数,556382.6208784336,空仓,596087.1026830361,满仓中证1000指数,590672.7948171244,5%多IM + 5%空IF
661,2012-09-20,471234.83920605463,满仓沪深300指数,500909.63214687887,满仓沪深300指数,536904.8263133169,满仓中证1000指数,575219.3370604421,满仓中证1000指数,590672.7948171244,空仓
662,2012-09-21,471234.83920605463,空仓,501619.49806612806,满仓沪深300指数,537665.7029537734,满仓沪深300指数,575219.3370604421,空仓,594178.9392661547,5%多IF + 5%空IM
663,2012-09-24,471234.83920605463,空仓,505372.52633393207,满仓沪深300指数,537665.7029537734,空仓,575219.3370604421,空仓,594376.791220109,5%多IF + 5%空IM
664,2012-09-25,471234.83920605463,空仓,504149.42188052135,满仓沪深300指数,537665.7029537734,空仓,573827.1890979277,满仓沪深300指数,596151.550131197,5%多IF + 5%空IM
665,2012-09-26,471234.83920605463,空仓,498386.7796189561,满仓沪深300指数,537665.7029537734,空仓,573827.1890979277,空仓,601069.8212897156,5%多IF + 5%空IM
666,2012-09-27,471234.83920605463,空仓,513630.19218956784,满仓沪深300指数,554110.4813274264,满仓沪深300指数,591377.9848761418,满仓沪深300指数,605049.6390127647,7.5%多IF + 7.5%空IM
667,2012-09-28,471234.83920605463,空仓,523071.27205197245,满仓沪深300指数,564295.6327970208,满仓沪深300指数,602248.1534701696,满仓沪深300指数,605432.4305705621,7.5%多IF + 7.5%空IM
668,2012-10-08,471234.83920605463,空仓,517812.9721899765,满仓沪深300指数,564174.1801299365,满仓中证1000指数,596193.9089503811,满仓沪深300指数,602454.4561998524,5%多IF + 5%空IM
669,2012-10-09,481635.59581745724,满仓沪深300指数,529241.7678686847,满仓沪深300指数,579834.8548108048,满仓中证1000指数,612743.4058675152,满仓中证1000指数,602454.4561998524,空仓
670,2012-10-10,482457.64232527424,满仓沪深300指数,535780.5498187061,满仓中证1000指数,586998.7143412018,满仓中证1000指数,620313.8505404975,满仓中证1000指数,607265.7563391967,7.5%多IM + 7.5%空IF
671,2012-10-11,477977.0736826677,满仓沪深300指数,527523.8925001146,满仓中证1000指数,577952.7584318111,满仓中证1000指数,610754.4910310456,满仓中证1000指数,604476.7883469808,7.5%多IM + 7.5%空IF
672,2012-10-12,478391.8335116117,满仓沪深300指数,526255.5718067185,满仓中证1000指数,578454.2711620724,满仓沪深300指数,610754.4910310456,空仓,605465.7215987081,5%多IF + 5%空IM
673,2012-10-15,476383.63201751537,满仓沪深300指数,522224.6057731851,满仓中证1000指数,576026.025840477,满仓沪深300指数,610754.4910310456,空仓,606513.7508493458,5%多IF + 5%空IM
674,2012-10-16,477069.70871153934,满仓沪深300指数,522976.70157788234,满仓沪深300指数,576026.025840477,空仓,610754.4910310456,空仓,605796.0370355907,5%多IF + 5%空IM
675,2012-10-17,477617.9473042527,满仓沪深300指数,523577.69553255884,满仓沪深300指数,578231.7904475178,满仓中证1000指数,613093.2406351832,满仓中证1000指数,605796.0370355907,空仓
676,2012-10-18,485267.74017950124,满仓中证1000指数,531604.7537518917,满仓沪深300指数,578231.7904475178,空仓,613093.2406351832,空仓,605796.0370355907,空仓
677,2012-10-19,483987.6951565512,满仓中证1000指数,530202.4804028226,满仓中证1000指数,576706.523745882,满仓中证1000指数,611476.01598516,满仓中证1000指数,605299.0857343203,7.5%多IM + 7.5%空IF
678,2012-10-22,486076.7097074863,满仓中证1000指数,532490.9697747375,满仓中证1000指数,576706.523745882,空仓,611476.01598516,空仓,605483.1177983397,7.5%多IM + 7.5%空IF
679,2012-10-23,480914.50160993193,满仓中证1000指数,526835.8352226213,满仓中证1000指数,569437.3269565353,满仓沪深300指数,611476.01598516,空仓,606083.9148668979,5%多IM + 5%空IF
680,2012-10-24,478834.3936562428,满仓中证1000指数,525856.4818447767,满仓沪深300指数,569437.3269565353,空仓,611476.01598516,空仓,606083.9148668979,空仓
681,2012-10-25,478834.3936562428,空仓,522087.6347369242,满仓沪深300指数,569437.3269565353,空仓,611476.01598516,空仓,607329.5413116857,5%多IF + 5%空IM
682,2012-10-26,478834.3936562428,空仓,512213.89332958066,满仓沪深300指数,558668.1063507057,满仓沪深300指数,611476.01598516,空仓,608212.6270547581,5%多IF + 5%空IM
683,2012-10-29,478834.3936562428,空仓,509467.46562758874,满仓沪深300指数,555672.5968897515,满仓沪深300指数,611476.01598516,空仓,607126.7059790471,5%多IF + 5%空IM
684,2012-10-30,478834.3936562428,空仓,510385.2961082677,满仓沪深300指数,556635.1411690033,满仓中证1000指数,611476.01598516,空仓,607126.7059790471,空仓
685,2012-10-31,478834.3936562428,空仓,512748.7810977275,满仓中证1000指数,556635.1411690033,空仓,611476.01598516,空仓,606507.948090318,5%多IM + 5%空IF
686,2012-11-01,478834.3936562428,空仓,521925.25046396867,满仓中证1000指数,567266.1164660568,满仓沪深300指数,623154.377518402,满仓沪深300指数,606872.4664733413,5%多IF + 5%空IM
687,2012-11-02,478834.3936562428,空仓,524328.6151404465,满仓中证1000指数,569878.2670475151,满仓中证1000指数,623154.377518402,空仓,607207.4735586032,7.5%多IM + 7.5%空IF
688,2012-11-05,478834.3936562428,空仓,522541.23824498436,满仓中证1000指数,568669.226092948,满仓沪深300指数,623154.377518402,空仓,607207.4735586032,空仓
689,2012-11-06,478834.3936562428,空仓,518445.2876214181,满仓中证1000指数,566279.3073772795,满仓沪深300指数,623154.377518402,空仓,607207.4735586032,空仓
690,2012-11-07,478834.3936562428,空仓,517382.02747066884,满仓沪深300指数,566279.3073772795,空仓,623154.377518402,空仓,606554.0150153204,5%多IF + 5%空IM
691,2012-11-08,478834.3936562428,空仓,507859.9571991218,满仓沪深300指数,566279.3073772795,空仓,623154.377518402,空仓,608750.8888905611,5%多IF + 5%空IM
692,2012-11-09,478834.3936562428,空仓,506846.456085421,满仓沪深300指数,565149.2227928247,满仓沪深300指数,623154.377518402,空仓,608973.2290435102,5%多IF + 5%空IM
693,2012-11-12,478834.3936562428,空仓,509317.21845231834,满仓沪深300指数,565149.2227928247,空仓,623154.377518402,空仓,607840.0255966797,5%多IF + 5%空IM
694,2012-11-13,470454.651424438,满仓沪深300指数,500404.0178522916,满仓沪深300指数,555258.9457528915,满仓沪深300指数,610539.349862771,满仓中证1000指数,608673.8395999465,5%多IF + 5%空IM
695,2012-11-14,470454.651424438,空仓,502817.3311491422,满仓沪深300指数,555258.9457528915,空仓,610539.349862771,空仓,609936.7074105684,5%多IF + 5%空IM
696,2012-11-15,470454.651424438,空仓,496148.03694256005,满仓沪深300指数,555258.9457528915,空仓,610539.349862771,空仓,611791.820446886,5%多IF + 5%空IM
697,2012-11-16,470454.651424438,空仓,492442.5719245373,满仓沪深300指数,551112.0128896466,满仓沪深300指数,610539.349862771,空仓,611403.5633760015,5%多IF + 5%空IM
698,2012-11-19,470454.651424438,空仓,491932.5417947906,满仓沪深300指数,554223.5262919393,满仓中证1000指数,610539.349862771,空仓,611403.5633760015,空仓
699,2012-11-20,470454.651424438,空仓,490549.9417940248,满仓中证1000指数,552665.8544918994,满仓中证1000指数,608823.3997397968,满仓中证1000指数,612245.00813619,7.5%多IM + 7.5%空IF
700,2012-11-21,470454.651424438,空仓,495765.714145187,满仓中证1000指数,552665.8544918994,空仓,608823.3997397968,空仓,611255.6192194248,5%多IM + 5%空IF
701,2012-11-22,470454.651424438,空仓,489850.37431850587,满仓中证1000指数,552665.8544918994,空仓,604010.831861644,满仓沪深300指数,611255.6192194248,空仓
702,2012-11-23,470454.651424438,空仓,493253.94703910017,满仓沪深300指数,556505.8810072808,满仓沪深300指数,604010.831861644,空仓,612620.5787482881,5%多IF + 5%空IM
703,2012-11-26,470454.651424438,空仓,489412.3864740251,满仓沪深300指数,552171.7017076665,满仓沪深300指数,604010.831861644,空仓,614079.660940924,5%多IF + 5%空IM
704,2012-11-27,470454.651424438,空仓,483797.2788283706,满仓沪深300指数,545836.5462648091,满仓沪深300指数,604010.831861644,空仓,623531.7112866789,5%多IF + 5%空IM
705,2012-11-28,470454.651424438,空仓,478965.91522492043,满仓沪深300指数,540385.6375093006,满仓沪深300指数,597978.974972715,满仓沪深300指数,630564.8368805139,7.5%多IF + 7.5%空IM
706,2012-11-29,470454.651424438,空仓,475932.3938675369,满仓沪深300指数,536963.1155291342,满仓沪深300指数,597978.974972715,空仓,632600.2991378943,5%多IF + 5%空IM
707,2012-11-30,470454.651424438,空仓,481327.9452028608,满仓沪深300指数,543050.5600745024,满仓沪深300指数,597978.974972715,空仓,632046.7482678024,5%多IF + 5%空IM
708,2012-12-03,470454.651424438,空仓,474396.84942663956,满仓沪深300指数,528295.5460956569,满仓中证1000指数,581731.522555821,满仓中证1000指数,628010.9200999136,5%多IM + 5%空IF
709,2012-12-04,470454.651424438,空仓,479486.01173053926,满仓沪深300指数,533962.9146326899,满仓沪深300指数,581731.522555821,空仓,627307.6009029862,5%多IF + 5%空IM
710,2012-12-05,470454.651424438,空仓,496673.71653668594,满仓沪深300指数,554548.9634678263,满仓中证1000指数,604159.2103298123,满仓中证1000指数,628156.7332661321,5%多IM + 5%空IF
711,2012-12-06,469543.52133052377,满仓沪深300指数,496604.82437741046,满仓中证1000指数,554472.0436022378,满仓中证1000指数,604075.4091719092,满仓中证1000指数,629003.7998583062,7.5%多IM + 7.5%空IF
712,2012-12-07,478738.98887095024,满仓沪深300指数,508719.08001000975,满仓中证1000指数,565330.738158539,满仓沪深300指数,604075.4091719092,空仓,627490.9478597988,5%多IF + 5%空IM
713,2012-12-10,483914.4890699867,满仓沪深300指数,518082.28624384844,满仓中证1000指数,575735.9077299311,满仓中证1000指数,615193.6920496731,满仓中证1000指数,631065.1812922179,7.5%多IM + 7.5%空IF
714,2012-12-11,481241.18734916206,满仓沪深300指数,514145.6624021713,满仓中证1000指数,571361.2055618425,满仓中证1000指数,610519.171766553,满仓中证1000指数,630083.4996689142,7.5%多IM + 7.5%空IF
715,2012-12-12,483215.79973931686,满仓沪深300指数,514196.3378847153,满仓中证1000指数,571361.2055618425,空仓,610519.171766553,空仓,630083.4996689142,空仓
716,2012-12-13,477860.67309753736,满仓沪深300指数,507023.4386186112,满仓中证1000指数,565029.2279741185,满仓沪深300指数,610519.171766553,空仓,630986.8696460121,5%多IF + 5%空IM
717,2012-12-14,501987.7218659878,满仓沪深300指数,532622.9070808376,满仓沪深300指数,593557.3921575497,满仓沪深300指数,610519.171766553,空仓,636002.6319506809,7.5%多IF + 7.5%空IM
718,2012-12-17,504296.44370124495,满仓沪深300指数,535072.5250335729,满仓沪深300指数,596287.2575547721,满仓沪深300指数,613327.0471015534,满仓沪深300指数,635574.2241799656,7.5%多IF + 7.5%空IM
719,2012-12-18,502993.34845194535,满仓中证1000指数,535393.5640269172,满仓沪深300指数,596287.2575547721,空仓,613327.0471015534,空仓,635574.2241799656,空仓
720,2012-12-19,503628.21793428704,满仓沪深300指数,536069.328499527,满仓沪深300指数,596287.2575547721,空仓,613327.0471015534,空仓,634693.0273539461,5%多IF + 5%空IM
721,2012-12-20,506539.6117096155,满仓沪深300指数,537756.0270795289,满仓中证1000指数,598163.4269551106,满仓中证1000指数,615256.8308150118,满仓中证1000指数,633438.9911009582,7.5%多IM + 7.5%空IF
722,2012-12-21,503817.89289170795,满仓沪深300指数,538111.8607841232,满仓中证1000指数,598163.4269551106,空仓,611950.9568901205,满仓沪深300指数,631527.6326933572,5%多IF + 5%空IM
723,2012-12-24,505775.177026796,满仓沪深300指数,542462.9645563278,满仓中证1000指数,603000.100020868,满仓中证1000指数,616899.1141618239,满仓中证1000指数,633517.4033638901,7.5%多IM + 7.5%空IF
724,2012-12-25,520043.91643286694,满仓沪深300指数,554884.3700601303,满仓中证1000指数,616807.6947334743,满仓中证1000指数,631024.9707688418,满仓中证1000指数,630992.7756911386,7.5%多IM + 7.5%空IF
725,2012-12-26,522003.1121856671,满仓沪深300指数,564141.2300472743,满仓中证1000指数,619131.43505161,满仓沪深300指数,633402.2727688752,满仓沪深300指数,626918.0967120467,5%多IF + 5%空IM
726,2012-12-27,516896.8751694982,满仓中证1000指数,558622.7977544992,满仓中证1000指数,613075.0883024554,满仓中证1000指数,627206.3286148345,满仓中证1000指数,624810.6363775114,7.5%多IM + 7.5%空IF
727,2012-12-28,522812.7885175745,满仓中证1000指数,565016.2665962133,满仓中证1000指数,613075.0883024554,空仓,627206.3286148345,空仓,623377.457228833,7.5%多IM + 7.5%空IF
728,2012-12-31,527118.0138061902,满仓中证1000指数,569669.0263849068,满仓中证1000指数,623680.830573451,满仓沪深300指数,638056.5308150984,满仓沪深300指数,623377.457228833,空仓
729,2013-01-04,500288.7490526969,满仓沪深300指数,497745.98127746704,满仓中证1000指数,500288.7490526969,满仓沪深300指数,500288.7490526969,满仓沪深300指数,501271.38388761494,5%多IF + 5%空IM
730,2013-01-07,502582.88703074807,满仓沪深300指数,505120.1947631856,满仓中证1000指数,502582.88703074807,满仓沪深300指数,500288.7490526969,空仓,498707.4843346146,5%多IF + 5%空IM
731,2013-01-08,510054.6962607755,满仓中证1000指数,512629.7256901189,满仓中证1000指数,510054.6962607755,满仓中证1000指数,507726.45174674457,满仓中证1000指数,505839.6283986627,7.5%多IM + 7.5%空IF
732,2013-01-09,510795.34973693587,满仓中证1000指数,513374.11838192027,满仓中证1000指数,510795.34973693587,满仓中证1000指数,508463.72436511586,满仓中证1000指数,506270.94507241057,7.5%多IM + 7.5%空IF
733,2013-01-10,514638.0737560923,满仓中证1000指数,517236.2425311229,满仓中证1000指数,514638.0737560923,满仓中证1000指数,508463.72436511586,空仓,508459.6307363992,7.5%多IM + 7.5%空IF
734,2013-01-11,504471.46577822097,满仓中证1000指数,507018.30806820694,满仓中证1000指数,514638.0737560923,空仓,498419.08985360386,满仓中证1000指数,508059.9778499657,7.5%多IM + 7.5%空IF
735,2013-01-14,522630.9105103587,满仓中证1000指数,525269.4314084402,满仓中证1000指数,514638.0737560923,空仓,498419.08985360386,空仓,507276.4387618496,7.5%多IM + 7.5%空IF
736,2013-01-15,532875.9354670743,满仓中证1000指数,535566.1787411309,满仓中证1000指数,518257.89468938496,满仓沪深300指数,501924.830969563,满仓沪深300指数,507276.4387618496,空仓
737,2013-01-16,532391.4149162264,满仓中证1000指数,535079.2120709027,满仓中证1000指数,517786.66567733354,满仓中证1000指数,501468.45289091626,满仓中证1000指数,509680.62025486474,7.5%多IM + 7.5%空IF
738,2013-01-17,526116.4503018557,满仓中证1000指数,528772.5680725981,满仓中证1000指数,511683.8381074533,满仓中证1000指数,495557.9578886464,满仓中证1000指数,508784.6213233106,7.5%多IM + 7.5%空IF
739,2013-01-18,534398.568313274,满仓中证1000指数,537096.4986538702,满仓中证1000指数,520238.96863461816,满仓沪深300指数,495557.9578886464,空仓,508535.9331771616,5%多IM + 5%空IF
740,2013-01-21,538829.6387156027,满仓中证1000指数,541549.9394740642,满仓中证1000指数,523337.62524574355,满仓沪深300指数,498509.6090239652,满仓沪深300指数,508535.9331771616,空仓
741,2013-01-22,528201.5825940667,满仓中证1000指数,530868.2272299785,满仓中证1000指数,520531.4157525193,满仓沪深300指数,488676.8386617765,满仓中证1000指数,503058.16403937107,7.5%多IM + 7.5%空IF
742,2013-01-23,530086.6566720941,满仓中证1000指数,533026.5356206408,满仓沪深300指数,522647.69859748095,满仓沪深300指数,490663.61290650663,满仓沪深300指数,503183.1152124502,5%多IF + 5%空IM
743,2013-01-24,516970.43127210863,满仓中证1000指数,527977.0588676811,满仓沪深300指数,517696.5428337571,满仓沪深300指数,486015.4493699393,满仓沪深300指数,507025.00160054455,5%多IF + 5%空IM
744,2013-01-25,514752.43175263185,满仓沪深300指数,525711.8367349922,满仓沪深300指数,515475.42801987,满仓沪深300指数,486015.4493699393,空仓,505750.1185838864,7.5%多IF + 7.5%空IM
745,2013-01-28,530803.2541935056,满仓沪深300指数,542104.3913418134,满仓沪深300指数,515475.42801987,空仓,498721.47517205926,满仓中证1000指数,507024.19923728483,5%多IF + 5%空IM
746,2013-01-29,535607.7522050571,满仓沪深300指数,547011.1801560838,满仓沪深300指数,520141.18816613744,满仓沪深300指数,503235.5890491921,满仓沪深300指数,506874.6549821237,7.5%多IF + 7.5%空IM
747,2013-01-30,538178.8381925743,满仓沪深300指数,549637.0061911335,满仓沪深300指数,519770.21051721426,满仓中证1000指数,502876.6688945738,满仓中证1000指数,506874.6549821237,空仓
748,2013-01-31,537812.7411687387,满仓沪深300指数,549263.1147300121,满仓沪深300指数,519770.21051721426,空仓,502876.6688945738,空仓,508213.93604694697,5%多IF + 5%空IM
749,2013-02-01,549110.3071716543,满仓沪深300指数,560801.213061681,满仓沪深300指数,519770.21051721426,空仓,502876.6688945738,空仓,512136.5498581787,5%多IF + 5%空IM
750,2013-02-04,550051.871086429,满仓沪深300指数,561762.8234679771,满仓沪深300指数,520661.46472935716,满仓沪深300指数,503738.9556133427,满仓沪深300指数,516431.03976739943,7.5%多IF + 7.5%空IM
751,2013-02-05,554785.1112847024,满仓沪深300指数,566596.8373450364,满仓沪深300指数,525141.7981380617,满仓沪深300指数,508073.6694821203,满仓沪深300指数,516271.0662465867,7.5%多IF + 7.5%空IM
752,2013-02-06,555619.5883171633,满仓沪深300指数,567449.0809215349,满仓沪深300指数,525141.7981380617,空仓,508073.6694821203,空仓,514979.6805137795,5%多IF + 5%空IM
753,2013-02-07,552422.1941899074,满仓沪深300指数,564183.612250154,满仓沪深300指数,527889.8245458851,满仓中证1000指数,510732.37969297566,满仓中证1000指数,514979.6805137795,空仓
754,2013-02-08,554795.1194045449,满仓沪深300指数,572564.5602583579,满仓中证1000指数,535731.6283089077,满仓中证1000指数,518319.3095990772,满仓中证1000指数,519058.1297936711,7.5%多IM + 7.5%空IF
755,2013-02-18,547938.7566629009,满仓沪深300指数,578990.0756981048,满仓中证1000指数,541743.7919812565,满仓中证1000指数,524136.0662719754,满仓中证1000指数,528237.9496490167,7.5%多IM + 7.5%空IF
756,2013-02-19,539276.4911452386,满仓中证1000指数,569836.9254476401,满仓中证1000指数,533179.4615490256,满仓中证1000指数,515850.0932170997,满仓中证1000指数,529480.9591013108,7.5%多IM + 7.5%空IF
757,2013-02-20,550933.1877396295,满仓中证1000指数,582154.1991602721,满仓中证1000指数,533179.4615490256,空仓,527000.4180014236,满仓中证1000指数,535546.6646867695,7.5%多IM + 7.5%空IF
758,2013-02-21,541082.0375697439,满仓中证1000指数,571744.790967808,满仓中证1000指数,523645.7629806605,满仓中证1000指数,517577.2059443964,满仓中证1000指数,542050.2750643075,7.5%多IM + 7.5%空IF
759,2013-02-22,540206.6779599091,满仓中证1000指数,570819.8253204643,满仓中证1000指数,522798.61168206396,满仓中证1000指数,516739.87232472975,满仓中证1000指数,543564.2188965695,7.5%多IM + 7.5%空IF
760,2013-02-25,546968.0265730758,满仓中证1000指数,577964.3349901227,满仓中证1000指数,522798.61168206396,空仓,523207.5051061409,满仓中证1000指数,547354.8357710158,7.5%多IM + 7.5%空IF
761,2013-02-26,540164.5475814565,满仓中证1000指数,570775.3074419372,满仓中证1000指数,516295.76471729454,满仓中证1000指数,516699.57210766315,满仓中证1000指数,548136.9752646881,7.5%多IM + 7.5%空IF
762,2013-02-27,540396.1203808276,满仓中证1000指数,571020.0033153484,满仓中证1000指数,521741.45295865426,满仓沪深300指数,516699.57210766315,空仓,545363.7020719199,5%多IM + 5%空IF
763,2013-02-28,550540.0189681115,满仓中证1000指数,588328.794837666,满仓沪深300指数,537556.5101989959,满仓沪深300指数,532361.7995626673,满仓沪深300指数,548510.677088998,5%多IF + 5%空IM
764,2013-03-01,559329.5413138393,满仓中证1000指数,587340.4441354824,满仓沪深300指数,536653.4533386478,满仓沪深300指数,531467.4694482308,满仓沪深300指数,543671.3858734759,5%多IF + 5%空IM
765,2013-03-04,542589.3528563675,满仓中证1000指数,560244.757917819,满仓沪深300指数,520591.93811072025,满仓中证1000指数,515561.16566767107,满仓中证1000指数,550278.5507485892,7.5%多IM + 7.5%空IF
766,2013-03-05,542589.3528563675,空仓,577210.6747142397,满仓沪深300指数,520591.93811072025,空仓,527621.9562695376,满仓中证1000指数,550278.5507485892,空仓
767,2013-03-06,551929.966191646,满仓中证1000指数,587147.2901253573,满仓中证1000指数,526029.4774129043,满仓沪深300指数,533132.9235240875,满仓沪深300指数,550278.5507485892,空仓
768,2013-03-07,545270.8686463995,满仓中证1000指数,580063.2915786754,满仓中证1000指数,519682.87219786656,满仓中证1000指数,526700.6144272906,满仓中证1000指数,550083.5821017976,7.5%多IM + 7.5%空IF
769,2013-03-08,539851.4434640212,满仓中证1000指数,577283.7486100562,满仓沪深300指数,519682.87219786656,空仓,526700.6144272906,空仓,550083.5821017976,空仓
770,2013-03-11,540266.3593930467,满仓中证1000指数,574060.6568391629,满仓沪深300指数,516781.3777544701,满仓沪深300指数,523759.93851155177,满仓沪深300指数,548336.5781844112,5%多IF + 5%空IM
771,2013-03-12,525335.3072763727,满仓中证1000指数,558195.6498173913,满仓中证1000指数,502499.36750151427,满仓中证1000指数,509285.0655112644,满仓中证1000指数,542802.1246324748,7.5%多IM + 7.5%空IF
772,2013-03-13,525335.3072763727,空仓,552051.7332126941,满仓沪深300指数,496968.48561654723,满仓沪深300指数,503679.4951856222,满仓沪深300指数,541571.7769877876,7.5%多IF + 7.5%空IM
773,2013-03-14,525335.3072763727,空仓,553534.1450295408,满仓沪深300指数,498752.2977919382,满仓中证1000指数,505487.3957708921,满仓中证1000指数,541816.597194742,5%多IM + 5%空IF
774,2013-03-15,525335.3072763727,空仓,554757.2931324347,满仓沪深300指数,499480.85357867647,满仓中证1000指数,505487.3957708921,空仓,541816.597194742,空仓
775,2013-03-18,525335.3072763727,空仓,546592.7795456175,满仓沪深300指数,492129.858349084,满仓沪深300指数,505487.3957708921,空仓,540989.8495284084,5%多IF + 5%空IM
776,2013-03-19,525335.3072763727,空仓,547170.5141715998,满仓中证1000指数,492129.858349084,空仓,506021.68305470375,满仓中证1000指数,537753.8031586754,7.5%多IM + 7.5%空IF
777,2013-03-20,525335.3072763727,空仓,565606.0934123882,满仓沪深300指数,508710.97660266585,满仓沪深300指数,523070.8525437352,满仓沪深300指数,541074.9866916278,7.5%多IF + 7.5%空IM
778,2013-03-21,525335.3072763727,空仓,566649.2528851618,满仓沪深300指数,509649.20318884944,满仓沪深300指数,524035.56335770595,满仓沪深300指数,536565.7437048592,7.5%多IF + 7.5%空IM
779,2013-03-22,525335.3072763727,空仓,567985.402779854,满仓中证1000指数,510850.9478760673,满仓中证1000指数,525271.2308525986,满仓中证1000指数,537003.7341698312,7.5%多IM + 7.5%空IF
780,2013-03-25,524289.7762363969,满仓沪深300指数,569053.5212728119,满仓中证1000指数,510850.9478760673,空仓,525271.2308525986,空仓,537003.7341698312,空仓
781,2013-03-26,516656.0553617159,满仓沪深300指数,566070.7443558371,满仓中证1000指数,510850.9478760673,空仓,522517.9451879503,满仓中证1000指数,539505.7613245929,5%多IM + 5%空IF
782,2013-03-27,518221.7930625057,满仓中证1000指数,567786.2343739142,满仓中证1000指数,512399.0930691277,满仓中证1000指数,524101.4474766192,满仓中证1000指数,539399.4985304396,7.5%多IM + 7.5%空IF
783,2013-03-28,502574.710722422,满仓中证1000指数,550642.6134769382,满仓中证1000指数,512399.0930691277,空仓,524101.4474766192,空仓,540373.698774637,7.5%多IM + 7.5%空IF
784,2013-03-29,502843.0493663587,满仓中证1000指数,550936.6169137243,满仓中证1000指数,512672.67722458765,满仓中证1000指数,524101.4474766192,空仓,541274.2312104105,7.5%多IM + 7.5%空IF
785,2013-04-01,502843.0493663587,空仓,555559.1939180538,满仓中证1000指数,516974.2045795166,满仓中证1000指数,524101.4474766192,空仓,544988.8440318444,7.5%多IM + 7.5%空IF
786,2013-04-02,494350.8991876848,满仓中证1000指数,546176.7591526926,满仓中证1000指数,516974.2045795166,空仓,515250.2796888965,满仓中证1000指数,539200.063728492,7.5%多IM + 7.5%空IF
787,2013-04-03,489305.7675593669,满仓中证1000指数,545552.0276832534,满仓沪深300指数,516382.87576686236,满仓沪深300指数,514660.9227472749,满仓沪深300指数,541643.1094677906,5%多IF + 5%空IM
788,2013-04-08,489305.7675593669,空仓,543081.2191149512,满仓沪深300指数,514044.1744712454,满仓沪深300指数,512330.02018772555,满仓沪深300指数,536856.9562270248,7.5%多IF + 7.5%空IM
789,2013-04-09,489305.7675593669,空仓,546844.3255857535,满仓沪深300指数,518862.92398555944,满仓中证1000指数,517132.7008882461,满仓中证1000指数,537513.2679759499,5%多IM + 5%空IF
790,2013-04-10,489305.7675593669,空仓,545939.0800212113,满仓沪深300指数,516386.2991334187,满仓中证1000指数,517132.7008882461,空仓,537513.2679759499,空仓
791,2013-04-11,489305.7675593669,空仓,544251.5199750544,满仓中证1000指数,516386.2991334187,空仓,517132.7008882461,空仓,537486.3011458976,5%多IM + 5%空IF
792,2013-04-12,489305.7675593669,空仓,539715.5635725737,满仓中证1000指数,513101.1009961676,满仓沪深300指数,517132.7008882461,空仓,537486.3011458976,空仓
793,2013-04-15,489305.7675593669,空仓,534170.9070073952,满仓沪深300指数,513101.1009961676,空仓,517132.7008882461,空仓,538360.1617987504,5%多IF + 5%空IM
794,2013-04-16,489305.7675593669,空仓,539163.1584747541,满仓沪深300指数,517896.4383886551,满仓沪深300指数,517132.7008882461,空仓,538231.7132512399,5%多IF + 5%空IM
795,2013-04-17,489305.7675593669,空仓,538917.8643063174,满仓沪深300指数,523613.40204011434,满仓中证1000指数,517132.7008882461,空仓,538231.7132512399,空仓
796,2013-04-18,489305.7675593669,空仓,540696.0940539158,满仓中证1000指数,525341.1327193477,满仓中证1000指数,518839.04764919286,满仓中证1000指数,538516.4393379224,7.5%多IM + 7.5%空IF
797,2013-04-19,498736.6189575392,满仓中证1000指数,551117.439667783,满仓中证1000指数,525341.1327193477,空仓,518839.04764919286,空仓,534998.6215820058,7.5%多IM + 7.5%空IF
798,2013-04-22,504102.0976350536,满仓中证1000指数,557046.4385801238,满仓中证1000指数,524686.5884446221,满仓沪深300指数,518192.6045915458,满仓沪深300指数,534998.6215820058,空仓
799,2013-04-23,489788.30714122776,满仓中证1000指数,541229.3133299525,满仓中证1000指数,509788.3090342602,满仓中证1000指数,503478.7194234998,满仓中证1000指数,536479.7693036488,7.5%多IM + 7.5%空IF
800,2013-04-24,489788.30714122776,空仓,553770.7599320166,满仓中证1000指数,521601.19998204237,满仓中证1000指数,515145.4036170737,满仓中证1000指数,538229.4283410752,7.5%多IM + 7.5%空IF
801,2013-04-25,480636.63141596015,满仓中证1000指数,543423.5745314236,满仓中证1000指数,521601.19998204237,空仓,505519.93151713203,满仓中证1000指数,535168.0882588092,7.5%多IM + 7.5%空IF
802,2013-04-26,471156.34740819276,满仓中证1000指数,532704.8538049223,满仓中证1000指数,517253.80998764205,满仓沪深300指数,501306.5740855863,满仓沪深300指数,535168.0882588092,空仓
803,2013-05-02,471156.34740819276,空仓,538529.294159142,满仓中证1000指数,517746.90449184424,满仓沪深300指数,501784.46619933983,满仓沪深300指数,532497.4879675001,5%多IF + 5%空IM
804,2013-05-03,481405.44872761914,满仓中证1000指数,550243.9645221295,满仓中证1000指数,517746.90449184424,空仓,512699.8234111907,满仓中证1000指数,534130.1361620354,7.5%多IM + 7.5%空IF
805,2013-05-06,490481.91368663835,满仓中证1000指数,560618.3175256052,满仓中证1000指数,527508.5547778588,满仓中证1000指数,522366.31554165256,满仓中证1000指数,536368.7096386804,7.5%多IM + 7.5%空IF
806,2013-05-07,492015.8356223129,满仓中证1000指数,562371.582448933,满仓中证1000指数,529158.2729853005,满仓中证1000指数,523999.9520275409,满仓中证1000指数,536996.9248164659,7.5%多IM + 7.5%空IF
807,2013-05-08,498213.3222134122,满仓中证1000指数,569455.2779097393,满仓中证1000指数,535823.6098788737,满仓中证1000指数,523999.9520275409,空仓,540022.7616016732,7.5%多IM + 7.5%空IF
808,2013-05-09,500162.2343368939,满仓中证1000指数,571682.874494207,满仓中证1000指数,537919.6460199815,满仓中证1000指数,526049.736354209,满仓中证1000指数,543996.9467307973,7.5%多IM + 7.5%空IF
809,2013-05-10,502621.725719306,满仓中证1000指数,574494.060558975,满仓中证1000指数,540564.8052163176,满仓中证1000指数,528636.5266083726,满仓中证1000指数,543898.1899917151,7.5%多IM + 7.5%空IF
810,2013-05-13,505800.4477739608,满仓中证1000指数,578127.3236017805,满仓中证1000指数,540564.8052163176,空仓,528636.5266083726,空仓,548094.4019399768,7.5%多IM + 7.5%空IF
811,2013-05-14,499741.33407210873,满仓中证1000指数,571201.7876453233,满仓中证1000指数,534089.2403321028,满仓中证1000指数,522303.85364264256,满仓中证1000指数,549249.8066601497,7.5%多IM + 7.5%空IF
812,2013-05-15,507990.3882541998,满仓中证1000指数,574314.4497427754,满仓沪深300指数,534089.2403321028,空仓,522303.85364264256,空仓,549249.8066601497,空仓
813,2013-05-16,511087.39707063645,满仓中证1000指数,577815.8091294619,满仓中证1000指数,537345.3631334751,满仓中证1000指数,525488.1257804465,满仓中证1000指数,544238.0029378001,7.5%多IM + 7.5%空IF
814,2013-05-17,517973.92154941655,满仓中证1000指数,585601.4495827447,满仓中证1000指数,545626.2244616986,满仓沪深300指数,533586.2589323557,满仓沪深300指数,544238.0029378001,空仓
815,2013-05-20,527439.809189316,满仓中证1000指数,596303.2190983432,满仓中证1000指数,555597.4533581021,满仓中证1000指数,533586.2589323557,空仓,548932.3227812102,7.5%多IM + 7.5%空IF
816,2013-05-21,535577.9851881014,满仓中证1000指数,605503.9287549076,满仓中证1000指数,564170.0900478789,满仓中证1000指数,541819.2720839405,满仓中证1000指数,554457.0458404731,7.5%多IM + 7.5%空IF
817,2013-05-22,528213.38687377,满仓中证1000指数,597177.796358963,满仓中证1000指数,556412.3288831747,满仓中证1000指数,534368.8514015814,满仓中证1000指数,548233.018460944,7.5%多IM + 7.5%空IF
818,2013-05-23,525374.8796851564,满仓中证1000指数,593968.6889982468,满仓中证1000指数,548934.4398291156,满仓沪深300指数,527187.2150910657,满仓沪深300指数,548233.018460944,空仓
819,2013-05-24,534598.9680886928,满仓中证1000指数,604397.089571064,满仓中证1000指数,548934.4398291156,空仓,536443.1229489524,满仓中证1000指数,553163.0232607468,7.5%多IM + 7.5%空IF
820,2013-05-27,541020.523685221,满仓中证1000指数,611657.0540392642,满仓中证1000指数,555528.1918462855,满仓中证1000指数,542886.8303708126,满仓中证1000指数,557769.6137555828,7.5%多IM + 7.5%空IF
821,2013-05-28,537027.4958069372,满仓中证1000指数,607142.6898667346,满仓中证1000指数,551428.0894285341,满仓中证1000指数,538880.0281266798,满仓中证1000指数,547477.3907442474,7.5%多IM + 7.5%空IF
822,2013-05-29,541384.1218993058,满仓中证1000指数,612068.1242348385,满仓中证1000指数,551053.1525516607,满仓沪深300指数,538513.6231527062,满仓沪深300指数,547477.3907442474,空仓
823,2013-05-30,543603.9982042381,满仓中证1000指数,614577.8312451338,满仓中证1000指数,553312.67547933,满仓中证1000指数,540721.7293448974,满仓中证1000指数,550441.0784714047,7.5%多IM + 7.5%空IF
824,2013-05-31,541024.763523053,满仓中证1000指数,611661.8474373042,满仓中证1000指数,553312.67547933,空仓,538156.1701477543,满仓中证1000指数,552854.1255242601,7.5%多IM + 7.5%空IF
825,2013-06-03,536106.680117769,满仓中证1000指数,610769.3801254358,满仓沪深300指数,553312.67547933,空仓,533264.163148629,满仓中证1000指数,550744.6484218837,5%多IM + 5%空IF
826,2013-06-04,524209.5666810047,满仓中证1000指数,602096.5127983986,满仓沪深300指数,545455.6879142122,满仓沪深300指数,525691.8625589993,满仓沪深300指数,552945.364858092,5%多IF + 5%空IM
827,2013-06-05,524209.5666810047,空仓,600893.3363829504,满仓沪深300指数,544365.6975133042,满仓沪深300指数,524641.3664385612,满仓沪深300指数,549593.6855457437,7.5%多IF + 7.5%空IM
828,2013-06-06,524209.5666810047,空仓,593220.8866605661,满仓沪深300指数,544365.6975133042,空仓,515938.1379181377,满仓中证1000指数,549593.6855457437,空仓
829,2013-06-07,524209.5666810047,空仓,582969.1289642806,满仓沪深300指数,544365.6975133042,空仓,515938.1379181377,空仓,548337.2480293371,5%多IF + 5%空IM
830,2013-06-13,524209.5666810047,空仓,563204.1343790854,满仓沪深300指数,531012.3468963472,满仓中证1000指数,503282.11847431073,满仓中证1000指数,550907.2788073275,5%多IM + 5%空IF
831,2013-06-14,524209.5666810047,空仓,575920.2288007945,满仓中证1000指数,543001.6110548421,满仓中证1000指数,514645.286016276,满仓中证1000指数,557337.9269682146,7.5%多IM + 7.5%空IF
832,2013-06-17,524209.5666810047,空仓,578935.3359255755,满仓中证1000指数,545844.3798002083,满仓中证1000指数,517339.60128947574,满仓中证1000指数,561763.0065037033,7.5%多IM + 7.5%空IF
833,2013-06-18,524209.5666810047,空仓,580210.5960043459,满仓中证1000指数,547046.7481884973,满仓中证1000指数,518479.1802713611,满仓中证1000指数,560078.4983128586,7.5%多IM + 7.5%空IF
834,2013-06-19,524209.5666810047,空仓,577626.1770783816,满仓中证1000指数,547046.7481884973,空仓,518479.1802713611,空仓,560912.8275736455,5%多IM + 5%空IF
835,2013-06-20,524209.5666810047,空仓,559313.1642034983,满仓中证1000指数,547046.7481884973,空仓,518479.1802713611,空仓,561284.9381509508,5%多IM + 5%空IF
836,2013-06-21,524209.5666810047,空仓,555392.4963889078,满仓中证1000指数,547046.7481884973,空仓,518479.1802713611,空仓,559809.9582424178,5%多IM + 5%空IF
837,2013-06-24,524209.5666810047,空仓,522207.48536719196,满仓中证1000指数,512538.38153302687,满仓沪深300指数,518479.1802713611,空仓,559809.9582424178,空仓
838,2013-06-25,524209.5666810047,空仓,521891.6763280327,满仓中证1000指数,512228.41995962965,满仓中证1000指数,518165.625953712,满仓中证1000指数,560675.4933403161,7.5%多IM + 7.5%空IF
839,2013-06-26,524209.5666810047,空仓,535711.0742553553,满仓中证1000指数,525791.940295709,满仓中证1000指数,531886.3601637239,满仓中证1000指数,571251.7769145102,7.5%多IM + 7.5%空IF
840,2013-06-27,524209.5666810047,空仓,525239.2521431214,满仓中证1000指数,515514.01263763994,满仓中证1000指数,521489.30172079336,满仓中证1000指数,564371.0540412898,7.5%多IM + 7.5%空IF
841,2013-06-28,524209.5666810047,空仓,521824.747990376,满仓中证1000指数,525034.417111253,满仓沪深300指数,531120.0565777593,满仓沪深300指数,571416.8442248153,5%多IF + 5%空IM
842,2013-07-01,524209.5666810047,空仓,524831.0085151698,满仓沪深300指数,528059.1687130088,满仓沪深300指数,534179.8678767923,满仓沪深300指数,563000.1494467458,7.5%多IF + 7.5%空IM
843,2013-07-02,524209.5666810047,空仓,535677.0270388147,满仓中证1000指数,538971.8995397282,满仓中证1000指数,545219.0874502341,满仓中证1000指数,570072.7935654819,7.5%多IM + 7.5%空IF
844,2013-07-03,524209.5666810047,空仓,537192.1532066579,满仓中证1000指数,540496.3450311448,满仓中证1000指数,546761.2026892799,满仓中证1000指数,574775.6838276959,7.5%多IM + 7.5%空IF
845,2013-07-04,524209.5666810047,空仓,539325.5213285743,满仓中证1000指数,542642.8351941501,满仓中证1000指数,548932.5726788734,满仓中证1000指数,572937.2096939255,7.5%多IM + 7.5%空IF
846,2013-07-05,524209.5666810047,空仓,533744.7189870004,满仓中证1000指数,543832.1671398596,满仓沪深300指数,548932.5726788734,空仓,572937.2096939255,空仓
847,2013-07-08,524209.5666810047,空仓,514465.1185970904,满仓中证1000指数,528390.3891260592,满仓沪深300指数,533345.9718045056,满仓沪深300指数,575150.754634232,5%多IF + 5%空IM
848,2013-07-09,528559.7249786853,满仓中证1000指数,514239.2276880776,满仓沪深300指数,528158.3839210441,满仓沪深300指数,533111.7907064406,满仓沪深300指数,572638.0391548288,5%多IF + 5%空IM
849,2013-07-10,543088.8714650912,满仓中证1000指数,528837.9626878104,满仓沪深300指数,542676.498270982,满仓中证1000指数,547766.0652089415,满仓中证1000指数,572251.1596604815,7.5%多IM + 7.5%空IF
850,2013-07-11,568148.1252442579,满仓沪深300指数,553239.6497989837,满仓沪深300指数,542676.498270982,空仓,547766.0652089415,空仓,579275.9951272705,5%多IF + 5%空IM
851,2013-07-12,555617.6436984257,满仓沪深300指数,541037.9740137323,满仓沪深300指数,530707.7923212476,满仓沪深300指数,535685.1090875376,满仓沪深300指数,570015.9371925737,7.5%多IF + 7.5%空IM
852,2013-07-15,569284.0679440908,满仓中证1000指数,554345.7848252624,满仓中证1000指数,543761.5135675067,满仓中证1000指数,548861.2564721756,满仓中证1000指数,574533.2796942566,7.5%多IM + 7.5%空IF
853,2013-07-16,575560.9652159065,满仓中证1000指数,560457.9733447449,满仓中证1000指数,549757.0004486983,满仓中证1000指数,554912.9728600894,满仓中证1000指数,577313.9055600435,7.5%多IM + 7.5%空IF
854,2013-07-17,567172.7123371145,满仓中证1000指数,552289.8321877306,满仓中证1000指数,541744.8157795732,满仓中证1000指数,546825.6448038397,满仓中证1000指数,577543.969469401,7.5%多IM + 7.5%空IF
855,2013-07-18,557853.8150994942,满仓沪深300指数,552624.4137179124,满仓中证1000指数,532843.7100714714,满仓沪深300指数,546825.6448038397,空仓,572624.378348684,5%多IF + 5%空IM
856,2013-07-19,546580.489716415,满仓中证1000指数,541456.7660979632,满仓中证1000指数,532843.7100714714,空仓,535775.1809460523,满仓中证1000指数,574436.7842926413,7.5%多IM + 7.5%空IF
857,2013-07-22,559009.6878826073,满仓中证1000指数,544351.5681401537,满仓沪深300指数,535692.4639455788,满仓沪深300指数,547958.6672244616,满仓中证1000指数,574436.7842926413,空仓
858,2013-07-23,572690.0356111723,满仓中证1000指数,560086.4770973456,满仓沪深300指数,548802.181614526,满仓中证1000指数,561368.5691832374,满仓中证1000指数,572526.7901606449,7.5%多IM + 7.5%空IF
859,2013-07-24,578772.7733433321,满仓中证1000指数,566035.3481020187,满仓中证1000指数,548802.181614526,空仓,561368.5691832374,空仓,580251.1847224879,7.5%多IM + 7.5%空IF
860,2013-07-25,565287.1154406492,满仓中证1000指数,552846.4777596303,满仓中证1000指数,536014.851563136,满仓中证1000指数,548288.436823879,满仓中证1000指数,572330.0497170244,7.5%多IM + 7.5%空IF
861,2013-07-26,566088.4102698113,满仓中证1000指数,553630.1379773302,满仓中证1000指数,532739.1404391179,满仓沪深300指数,544937.7189726166,满仓沪深300指数,572330.0497170244,空仓
862,2013-07-29,556412.9677580568,满仓中证1000指数,544167.6291613994,满仓中证1000指数,523633.6953645165,满仓中证1000指数,535623.7788234211,满仓中证1000指数,574265.0936712003,7.5%多IM + 7.5%空IF
863,2013-07-30,556412.9677580568,空仓,547523.2090857954,满仓沪深300指数,521113.4430394868,满仓中证1000指数,533045.8181500135,满仓中证1000指数,571112.5357401131,5%多IM + 5%空IF
864,2013-07-31,556412.9677580568,空仓,548431.7514814826,满仓沪深300指数,521978.1619191749,满仓沪深300指数,533930.3372290159,满仓沪深300指数,569819.1648025034,7.5%多IF + 7.5%空IM
865,2013-08-01,556412.9677580568,空仓,561521.714216812,满仓沪深300指数,521978.1619191749,空仓,533930.3372290159,空仓,567416.7794927257,5%多IF + 5%空IM
866,2013-08-02,558112.9656791544,满仓中证1000指数,561996.6170545246,满仓沪深300指数,523572.9518351906,满仓中证1000指数,535561.6443981453,满仓中证1000指数,568357.0763263509,7.5%多IM + 7.5%空IF
867,2013-08-05,566867.6371386971,满仓中证1000指数,570812.2082452787,满仓中证1000指数,523572.9518351906,空仓,535561.6443981453,空仓,569150.9031814167,7.5%多IM + 7.5%空IF
868,2013-08-06,573022.425580232,满仓中证1000指数,577009.825028146,满仓中证1000指数,523572.9518351906,空仓,535561.6443981453,空仓,570916.7617223499,7.5%多IM + 7.5%空IF
869,2013-08-07,565789.0739965928,满仓中证1000指数,569726.1398784477,满仓中证1000指数,516963.80868259416,满仓中证1000指数,528801.1661067047,满仓中证1000指数,567941.9439237515,7.5%多IM + 7.5%空IF
870,2013-08-08,564836.1783039593,满仓沪深300指数,572335.2086648768,满仓中证1000指数,516093.14396109054,满仓沪深300指数,527910.5650389193,满仓沪深300指数,566163.2341394781,5%多IF + 5%空IM
871,2013-08-09,564886.0280470647,满仓中证1000指数,572385.720236582,满仓中证1000指数,516138.6918768104,满仓中证1000指数,527957.1559037765,满仓中证1000指数,564479.6768189879,7.5%多IM + 7.5%空IF
872,2013-08-12,569425.1012119774,满仓中证1000指数,576985.0562684668,满仓中证1000指数,516138.6918768104,空仓,527957.1559037765,空仓,555513.4075314007,7.5%多IM + 7.5%空IF
873,2013-08-13,570943.5397514347,满仓沪深300指数,578523.6543110615,满仓沪深300指数,517515.0359820891,满仓沪深300指数,529365.0153237429,满仓沪深300指数,553418.4286664225,7.5%多IF + 7.5%空IM
874,2013-08-14,568526.2359369464,满仓沪深300指数,576074.2572359203,满仓沪深300指数,515323.9417959998,满仓沪深300指数,528991.6568754589,满仓中证1000指数,552442.0379267177,5%多IF + 5%空IM
875,2013-08-15,561869.6956772661,满仓沪深300指数,569329.3416217153,满仓沪深300指数,515323.9417959998,空仓,523389.6331678849,满仓中证1000指数,552133.1096846318,5%多IF + 5%空IM
876,2013-08-16,557650.788979813,满仓沪深300指数,565054.4227376685,满仓沪深300指数,511454.5328456196,满仓沪深300指数,523389.6331678849,空仓,558931.6358019044,7.5%多IF + 7.5%空IM
877,2013-08-19,564254.5687036946,满仓沪深300指数,571745.8773424242,满仓沪深300指数,517511.249953242,满仓沪深300指数,529587.6874260472,满仓沪深300指数,553806.0952901498,7.5%多IF + 7.5%空IM
878,2013-08-20,559664.6441100051,满仓沪深300指数,567095.0147543135,满仓沪深300指数,519026.5228530021,满仓中证1000指数,531138.3201337917,满仓中证1000指数,553806.0952901498,空仓
879,2013-08-21,558726.5714643346,满仓沪深300指数,566144.4878156624,满仓沪深300指数,521909.1882438116,满仓中证1000指数,534088.254261948,满仓中证1000指数,553806.0952901498,空仓
880,2013-08-22,560983.8652749221,满仓中证1000指数,568431.7505189471,满仓中证1000指数,524017.7372917365,满仓中证1000指数,536246.0075749743,满仓中证1000指数,556322.0301517884,7.5%多IM + 7.5%空IF
881,2013-08-23,561447.801203422,满仓中证1000指数,568901.8458787069,满仓中证1000指数,524451.1020826859,满仓中证1000指数,536689.485194971,满仓中证1000指数,559746.3297288868,7.5%多IM + 7.5%空IF
882,2013-08-26,572523.6342217311,满仓中证1000指数,580124.7268575878,满仓中证1000指数,534797.0911852978,满仓中证1000指数,547276.9041998378,满仓中证1000指数,559090.596377971,7.5%多IM + 7.5%空IF
883,2013-08-27,577757.2017853097,满仓中证1000指数,585427.7777219227,满仓中证1000指数,534797.0911852978,空仓,547276.9041998378,空仓,561978.4399454105,7.5%多IM + 7.5%空IF
884,2013-08-28,571262.6354386279,满仓中证1000指数,578846.9864624513,满仓中证1000指数,534797.0911852978,空仓,541124.9667538841,满仓中证1000指数,559549.728141238,7.5%多IM + 7.5%空IF
885,2013-08-29,571641.109485562,满仓中证1000指数,579230.4853085711,满仓中证1000指数,534797.0911852978,空仓,541124.9667538841,空仓,561584.4263054915,7.5%多IM + 7.5%空IF
886,2013-08-30,561035.3838974044,满仓中证1000指数,568483.9531268558,满仓中证1000指数,534797.0911852978,空仓,531085.4107963755,满仓中证1000指数,554569.6383257201,7.5%多IM + 7.5%空IF
887,2013-09-02,565952.8632459609,满仓中证1000指数,570064.6653215471,满仓沪深300指数,536284.134538188,满仓沪深300指数,532562.1335440467,满仓沪深300指数,552910.2460059648,5%多IF + 5%空IM
888,2013-09-03,575676.600750267,满仓中证1000指数,578456.6403209667,满仓沪深300指数,545498.1283009638,满仓中证1000指数,541712.1789411401,满仓中证1000指数,553930.4010802015,7.5%多IM + 7.5%空IF
889,2013-09-04,576748.0271022047,满仓中证1000指数,579533.240771785,满仓中证1000指数,546513.3876824162,满仓中证1000指数,541712.1789411401,空仓,555374.6487385504,7.5%多IM + 7.5%空IF
890,2013-09-05,580218.4234765564,满仓中证1000指数,583020.3962765827,满仓中证1000指数,549801.856805886,满仓中证1000指数,541712.1789411401,空仓,559469.3621281491,7.5%多IM + 7.5%空IF
891,2013-09-06,583939.3023201126,满仓中证1000指数,586759.24387275,满仓中证1000指数,553327.677452668,满仓中证1000指数,545186.1213469008,满仓中证1000指数,559284.855518959,7.5%多IM + 7.5%空IF
892,2013-09-09,586285.0096000123,满仓中证1000指数,589116.2789694325,满仓中证1000指数,572765.6371708998,满仓沪深300指数,545186.1213469008,空仓,550584.5749000581,5%多IM + 5%空IF
893,2013-09-10,594520.9792101121,满仓沪深300指数,597392.0214683197,满仓沪深300指数,580811.6903774578,满仓沪深300指数,552844.7451454602,满仓沪深300指数,554702.177579988,7.5%多IF + 7.5%空IM
894,2013-09-11,596441.5443853419,满仓沪深300指数,599321.8613772773,满仓沪深300指数,582687.9684986896,满仓沪深300指数,554630.6776894149,满仓沪深300指数,562592.1791909232,7.5%多IF + 7.5%空IM
895,2013-09-12,602342.8081870545,满仓沪深300指数,605251.6233789593,满仓沪深300指数,588453.1527796376,满仓沪深300指数,560118.2597875748,满仓沪深300指数,566728.2550870898,7.5%多IF + 7.5%空IM
896,2013-09-13,597885.9919649111,满仓沪深300指数,600773.2844382605,满仓沪深300指数,584099.1080037511,满仓沪深300指数,555973.8687321665,满仓沪深300指数,560253.3627952273,7.5%多IF + 7.5%空IM
897,2013-09-16,595360.7910741024,满仓沪深300指数,598235.888925695,满仓沪深300指数,588398.1170714485,满仓中证1000指数,560065.8741304474,满仓中证1000指数,560253.3627952273,空仓
898,2013-09-17,583093.1960311221,满仓沪深300指数,585909.0515935329,满仓沪深300指数,580356.2944721548,满仓中证1000指数,552411.2772291311,满仓中证1000指数,560253.3627952273,空仓
899,2013-09-18,584339.4614631535,满仓沪深300指数,591474.6413744905,满仓中证1000指数,585869.138236974,满仓中证1000指数,557658.6693816679,满仓中证1000指数,563346.6894915657,7.5%多IM + 7.5%空IF
900,2013-09-23,593894.9638446777,满仓沪深300指数,603621.6995696299,满仓中证1000指数,597901.0767497781,满仓中证1000指数,569111.2521910706,满仓中证1000指数,565114.5762453892,7.5%多IM + 7.5%空IF
901,2013-09-24,587071.9728913258,满仓沪深300指数,605325.0810783865,满仓中证1000指数,597901.0767497781,空仓,569111.2521910706,空仓,565114.5762453892,空仓
902,2013-09-25,583503.4931317215,满仓沪深300指数,602443.1232115749,满仓中证1000指数,595054.4646308081,满仓中证1000指数,566401.7086720392,满仓中证1000指数,565672.9495996262,7.5%多IM + 7.5%空IF
903,2013-09-26,574460.915510774,满仓中证1000指数,593107.0373646698,满仓中证1000指数,585832.8811296776,满仓中证1000指数,566401.7086720392,空仓,566885.8284050064,7.5%多IM + 7.5%空IF
904,2013-09-27,574460.915510774,空仓,595213.8442061034,满仓中证1000指数,585832.8811296776,空仓,568413.6541045737,满仓中证1000指数,566518.854540507,7.5%多IM + 7.5%空IF
905,2013-09-30,584489.5995034478,满仓中证1000指数,605604.823627741,满仓中证1000指数,596060.0918567005,满仓中证1000指数,568413.6541045737,空仓,571440.9473876039,7.5%多IM + 7.5%空IF
906,2013-10-08,593885.2149743688,满仓中证1000指数,615339.864345275,满仓中证1000指数,605641.7019065717,满仓中证1000指数,577550.8502615708,满仓中证1000指数,572499.6702528772,7.5%多IM + 7.5%空IF
907,2013-10-09,603013.5871453183,满仓中证1000指数,624798.0073529396,满仓中证1000指数,605641.7019065717,空仓,577550.8502615708,空仓,577029.3970766296,7.5%多IM + 7.5%空IF
908,2013-10-10,597188.4938265136,满仓中证1000指数,618762.477182776,满仓中证1000指数,605641.7019065717,空仓,571971.7262238269,满仓中证1000指数,577128.9588293185,7.5%多IM + 7.5%空IF
909,2013-10-11,603203.2985094371,满仓中证1000指数,624994.5722144955,满仓中证1000指数,605641.7019065717,空仓,571971.7262238269,空仓,574505.6271283347,7.5%多IM + 7.5%空IF
910,2013-10-14,610045.4591621357,满仓中证1000指数,626015.9292869917,满仓沪深300指数,606631.4327988724,满仓沪深300指数,571971.7262238269,空仓,571716.730640147,5%多IF + 5%空IM
911,2013-10-15,609634.396082336,满仓中证1000指数,624743.6637219711,满仓沪深300指数,606222.6701709001,满仓中证1000指数,571586.3181270878,满仓中证1000指数,572299.2375406595,7.5%多IM + 7.5%空IF
912,2013-10-16,590801.4574043438,满仓中证1000指数,613060.0882466597,满仓沪深300指数,587495.1271616711,满仓中证1000指数,571586.3181270878,空仓,568810.8463980968,5%多IM + 5%空IF
913,2013-10-17,590677.1186674195,满仓中证1000指数,611024.2101554496,满仓沪深300指数,585544.14636711,满仓沪深300指数,569688.1680360609,满仓沪深300指数,567926.2351309268,5%多IF + 5%空IM
914,2013-10-18,594889.207782824,满仓中证1000指数,614245.7637971058,满仓沪深300指数,585544.14636711,空仓,573750.5859898371,满仓中证1000指数,568453.999673932,5%多IM + 5%空IF
915,2013-10-21,611072.2016448546,满仓中证1000指数,625707.0409309071,满仓沪深300指数,601472.9230244034,满仓中证1000指数,573750.5859898371,空仓,570882.5113080917,5%多IM + 5%空IF
916,2013-10-22,604224.4189462172,满仓中证1000指数,618695.2576461022,满仓中证1000指数,594732.7115323755,满仓中证1000指数,567321.0358883947,满仓中证1000指数,570490.4296172715,7.5%多IM + 7.5%空IF
917,2013-10-23,588877.1487502428,满仓中证1000指数,602980.428866718,满仓中证1000指数,594732.7115323755,空仓,567321.0358883947,空仓,564415.7810562233,7.5%多IM + 7.5%空IF
918,2013-10-24,588877.1487502428,空仓,598497.6385189253,满仓沪深300指数,590311.2379137628,满仓沪深300指数,563103.3512969393,满仓沪深300指数,564498.0643437062,7.5%多IF + 7.5%空IM
919,2013-10-25,588877.1487502428,空仓,590531.3361166631,满仓沪深300指数,582453.9005910759,满仓沪深300指数,563103.3512969393,空仓,565858.0703822083,5%多IF + 5%空IM
920,2013-10-28,588877.1487502428,空仓,589881.8550901891,满仓沪深300指数,581813.3033287575,满仓沪深300指数,562484.0362492126,满仓沪深300指数,565800.2701638242,7.5%多IF + 7.5%空IM
921,2013-10-29,588877.1487502428,空仓,591402.4634512117,满仓沪深300指数,583313.1124277518,满仓沪深300指数,562484.0362492126,空仓,573932.3637218566,5%多IF + 5%空IM
922,2013-10-30,588877.1487502428,空仓,600232.9122019416,满仓沪深300指数,592022.7760887097,满仓沪深300指数,570882.6932757945,满仓沪深300指数,573712.6668616711,7.5%多IF + 7.5%空IM
923,2013-10-31,588877.1487502428,空仓,591817.5828021058,满仓沪深300指数,592022.7760887097,空仓,570882.6932757945,空仓,573966.1783414215,5%多IF + 5%空IM
924,2013-11-01,588877.1487502428,空仓,594620.448713668,满仓沪深300指数,592022.7760887097,空仓,570882.6932757945,空仓,577391.9541889708,5%多IF + 5%空IM
925,2013-11-04,588877.1487502428,空仓,593497.0085964737,满仓沪深300指数,590904.2438579572,满仓沪深300指数,569804.1018462105,满仓沪深300指数,573800.70928284,7.5%多IF + 7.5%空IM
926,2013-11-05,588877.1487502428,空仓,594323.5074842897,满仓沪深300指数,590904.2438579572,空仓,579554.0309506698,满仓中证1000指数,573800.70928284,空仓
927,2013-11-06,588877.1487502428,空仓,589327.7999948966,满仓中证1000指数,585937.2776865351,满仓中证1000指数,574682.4713093834,满仓中证1000指数,575635.607027532,7.5%多IM + 7.5%空IF
928,2013-11-07,588877.1487502428,空仓,586068.6247151793,满仓沪深300指数,585937.2776865351,空仓,566979.3610225233,满仓中证1000指数,575635.607027532,空仓
929,2013-11-08,588877.1487502428,空仓,577903.9098760781,满仓沪深300指数,577774.3926861059,满仓沪深300指数,559080.5849966706,满仓沪深300指数,575725.2446683871,7.5%多IF + 7.5%空IM
930,2013-11-11,588877.1487502428,空仓,579893.068482568,满仓沪深300指数,579763.1054914363,满仓沪深300指数,559080.5849966706,空仓,574861.8243161404,5%多IF + 5%空IM
931,2013-11-12,588877.1487502428,空仓,585930.4052349699,满仓沪深300指数,579763.1054914363,空仓,559080.5849966706,空仓,575450.619167952,5%多IF + 5%空IM
932,2013-11-13,588877.1487502428,空仓,572938.7756857343,满仓沪深300指数,579763.1054914363,空仓,559080.5849966706,空仓,574142.1064035923,5%多IF + 5%空IM
933,2013-11-14,588877.1487502428,空仓,582467.5384685722,满仓中证1000指数,589405.3662999446,满仓中证1000指数,568378.866937088,满仓中证1000指数,578220.1519503925,7.5%多IM + 7.5%空IF
934,2013-11-15,588877.1487502428,空仓,593639.5464216361,满仓中证1000指数,600710.4451326542,满仓中证1000指数,579280.6473838916,满仓中证1000指数,577837.8492146885,7.5%多IM + 7.5%空IF
935,2013-11-18,602079.9736605249,满仓中证1000指数,606949.1458989768,满仓中证1000指数,600710.4451326542,空仓,579280.6473838916,空仓,573143.1999765495,7.5%多IM + 7.5%空IF
936,2013-11-19,605517.8121255392,满仓中证1000指数,610414.7870286643,满仓中证1000指数,596570.3486152055,满仓沪深300指数,575288.2450371506,满仓沪深300指数,573143.1999765495,空仓
937,2013-11-20,610981.8577017022,满仓中证1000指数,615923.0217162295,满仓中证1000指数,601953.654455175,满仓中证1000指数,580479.5063466728,满仓中证1000指数,574761.2529339491,7.5%多IM + 7.5%空IF
938,2013-11-21,609862.3302697004,满仓中证1000指数,614794.4403841968,满仓中证1000指数,601953.654455175,空仓,580479.5063466728,空仓,576613.2565387421,7.5%多IM + 7.5%空IF
939,2013-11-22,608424.5525508007,满仓中证1000指数,613345.0349951201,满仓中证1000指数,601953.654455175,空仓,579110.9999492798,满仓中证1000指数,577751.8952349002,7.5%多IM + 7.5%空IF
940,2013-11-25,609202.4069105616,满仓中证1000指数,614129.1800588071,满仓中证1000指数,602723.235946469,满仓中证1000指数,579851.3777236603,满仓中证1000指数,579992.3569975981,7.5%多IM + 7.5%空IF
941,2013-11-26,611512.6833834855,满仓中证1000指数,616458.1403188644,满仓中证1000指数,602723.235946469,空仓,582050.346376035,满仓中证1000指数,581862.8844217586,7.5%多IM + 7.5%空IF
942,2013-11-27,620901.134936467,满仓中证1000指数,625922.5186418161,满仓中证1000指数,602723.235946469,空仓,590986.4676157652,满仓中证1000指数,583615.5896595155,7.5%多IM + 7.5%空IF
943,2013-11-28,624747.5103551374,满仓中证1000指数,629800.0006662974,满仓中证1000指数,606457.0024167835,满仓中证1000指数,594647.5268309922,满仓中证1000指数,581786.1041385299,7.5%多IM + 7.5%空IF
944,2013-11-29,632319.8789701338,满仓中证1000指数,637433.6089315936,满仓中证1000指数,606457.0024167835,空仓,594647.5268309922,空仓,587179.6525219098,7.5%多IM + 7.5%空IF
945,2013-12-02,593000.9207604452,满仓中证1000指数,597796.6684136819,满仓中证1000指数,568746.2513759723,满仓中证1000指数,557671.1134133985,满仓中证1000指数,563435.060191145,7.5%多IM + 7.5%空IF
946,2013-12-03,593000.9207604452,空仓,603727.2124941283,满仓沪深300指数,574388.5958261754,满仓沪深300指数,563203.585063443,满仓沪深300指数,560530.0349801943,7.5%多IF + 7.5%空IM
947,2013-12-04,600854.3260502788,满仓沪深300指数,611722.6713850484,满仓沪深300指数,574388.5958261754,空仓,568037.1797583959,满仓中证1000指数,561836.3988898116,5%多IF + 5%空IM
948,2013-12-05,599170.0836497081,满仓沪深300指数,610007.9641492534,满仓沪深300指数,574388.5958261754,空仓,568037.1797583959,空仓,562856.7458250021,5%多IF + 5%空IM
949,2013-12-06,595307.8327714893,满仓沪深300指数,606075.8522839466,满仓沪深300指数,574388.5958261754,空仓,568037.1797583959,空仓,561480.5657718787,5%多IF + 5%空IM
950,2013-12-09,594964.3327719494,满仓沪深300指数,614891.5975574851,满仓中证1000指数,582743.4305052788,满仓中证1000指数,576299.6291923706,满仓中证1000指数,567848.8613015995,7.5%多IM + 7.5%空IF
951,2013-12-10,595559.0854213295,满仓沪深300指数,614544.7848961917,满仓中证1000指数,582414.7501317177,满仓中证1000指数,575974.5832673708,满仓中证1000指数,567182.9165558879,7.5%多IM + 7.5%空IF
952,2013-12-11,585713.137377981,满仓沪深300指数,610862.5510584363,满仓中证1000指数,572786.1078863896,满仓沪深300指数,575974.5832673708,空仓,564193.7292108015,5%多IF + 5%空IM
953,2013-12-12,585713.137377981,空仓,616676.0068439739,满仓中证1000指数,578237.1978361632,满仓中证1000指数,581456.0172947417,满仓中证1000指数,568702.6561774275,7.5%多IM + 7.5%空IF
954,2013-12-13,585713.137377981,空仓,618488.4621247683,满仓中证1000指数,579936.6786837052,满仓中证1000指数,583164.9584849285,满仓中证1000指数,570553.737818144,7.5%多IM + 7.5%空IF
955,2013-12-16,585713.137377981,空仓,610189.3103853693,满仓中证1000指数,579936.6786837052,空仓,583164.9584849285,空仓,571315.0628307653,5%多IM + 5%空IF
956,2013-12-17,582242.2980190249,满仓中证1000指数,606573.4292658494,满仓中证1000指数,576500.0696653578,满仓中证1000指数,579709.2192134234,满仓中证1000指数,570865.4052589152,7.5%多IM + 7.5%空IF
957,2013-12-18,581643.2072450727,满仓中证1000指数,605949.3032852497,满仓中证1000指数,576500.0696653578,空仓,579709.2192134234,空仓,570270.423370516,7.5%多IM + 7.5%空IF
958,2013-12-19,581643.2072450727,空仓,599570.0940323708,满仓沪深300指数,570430.8910084045,满仓沪深300指数,579709.2192134234,空仓,569561.8675023555,5%多IF + 5%空IM
959,2013-12-20,581643.2072450727,空仓,585618.4014553741,满仓沪深300指数,570430.8910084045,空仓,579709.2192134234,空仓,565833.7104939267,5%多IF + 5%空IM
960,2013-12-23,581643.2072450727,空仓,587280.5535761476,满仓沪深300指数,568512.1398604047,满仓中证1000指数,577759.2586706037,满仓中证1000指数,564079.0678975208,5%多IM + 5%空IF
961,2013-12-24,581643.2072450727,空仓,588217.7955545486,满仓沪深300指数,569419.4292972217,满仓沪深300指数,578681.3055991773,满仓沪深300指数,560351.813645818,7.5%多IF + 7.5%空IM
962,2013-12-25,581643.2072450727,空仓,598294.64517276,满仓中证1000指数,579174.2412088646,满仓中证1000指数,588594.7841397162,满仓中证1000指数,564454.5124302041,7.5%多IM + 7.5%空IF
963,2013-12-26,581643.2072450727,空仓,587664.6715812102,满仓中证1000指数,568883.9821556879,满仓中证1000指数,578137.1491566679,满仓中证1000指数,564237.9542040536,7.5%多IM + 7.5%空IF
964,2013-12-27,581643.2072450727,空仓,598436.4856088564,满仓中证1000指数,568883.9821556879,空仓,578137.1491566679,空仓,564658.7994774067,5%多IM + 5%空IF
965,2013-12-30,581643.2072450727,空仓,602753.2166081644,满仓中证1000指数,568883.9821556879,空仓,578137.1491566679,空仓,567188.0574794455,5%多IM + 5%空IF
966,2013-12-31,581043.351788462,满仓中证1000指数,602131.5901514839,满仓中证1000指数,568883.9821556879,空仓,577540.9095388557,满仓中证1000指数,561094.3821907791,7.5%多IM + 7.5%空IF
967,2014-01-02,506317.2826460602,满仓中证1000指数,498272.9806448512,满仓沪深300指数,498272.9806448512,满仓沪深300指数,498272.9806448512,满仓沪深300指数,495977.84899939544,5%多IF + 5%空IM
968,2014-01-03,505452.5447030368,满仓中证1000指数,497421.98154386226,满仓中证1000指数,497421.98154386226,满仓中证1000指数,497421.98154386226,满仓中证1000指数,500340.65310136985,7.5%多IM + 7.5%空IF
969,2014-01-06,492015.0323643763,满仓中证1000指数,484197.9626234636,满仓中证1000指数,484197.9626234636,满仓中证1000指数,484197.9626234636,满仓中证1000指数,498905.89289575967,7.5%多IM + 7.5%空IF
970,2014-01-07,497289.2311405596,满仓中证1000指数,489388.3656272642,满仓中证1000指数,484060.4012840287,满仓沪深300指数,484060.4012840287,满仓沪深300指数,498905.89289575967,空仓
971,2014-01-08,502432.8213611798,满仓中证1000指数,494450.23516695306,满仓中证1000指数,489067.1623203043,满仓中证1000指数,489067.1623203043,满仓中证1000指数,502122.3997884846,7.5%多IM + 7.5%空IF
972,2014-01-09,494304.8646835136,满仓中证1000指数,486451.4143896578,满仓中证1000指数,481155.4245937774,满仓中证1000指数,481155.4245937774,满仓中证1000指数,499337.6860632325,7.5%多IM + 7.5%空IF
973,2014-01-10,494304.8646835136,空仓,478004.4278275903,满仓中证1000指数,477394.47114891576,满仓沪深300指数,477394.47114891576,满仓沪深300指数,501721.523604541,5%多IF + 5%空IM
974,2014-01-13,494304.8646835136,空仓,477111.9379926694,满仓中证1000指数,474975.5090368838,满仓沪深300指数,474975.5090368838,满仓沪深300指数,500918.79605581646,5%多IF + 5%空IM
975,2014-01-14,494304.8646835136,空仓,481280.64477041835,满仓沪深300指数,486010.48575506115,满仓中证1000指数,474975.5090368838,空仓,500918.79605581646,空仓
976,2014-01-15,494304.8646835136,空仓,480431.3308471591,满仓沪深300指数,491080.28532942355,满仓中证1000指数,479930.19767864567,满仓中证1000指数,503973.43821697414,5%多IM + 5%空IF
977,2014-01-16,493334.0942089916,满仓中证1000指数,479487.8067503038,满仓中证1000指数,490115.847639896,满仓中证1000指数,478987.65776244184,满仓中证1000指数,502734.37611619965,7.5%多IM + 7.5%空IF
978,2014-01-17,493334.0942089916,空仓,475204.3185294907,满仓中证1000指数,490115.847639896,空仓,478987.65776244184,空仓,504279.571228054,5%多IM + 5%空IF
979,2014-01-20,493334.0942089916,空仓,471986.1166926753,满仓中证1000指数,490115.847639896,空仓,475743.83421135735,满仓中证1000指数,503887.51180044457,7.5%多IM + 7.5%空IF
980,2014-01-21,501353.8672657184,满仓中证1000指数,479658.8512274133,满仓中证1000指数,494962.0364821053,满仓沪深300指数,475743.83421135735,空仓,505491.9974887866,5%多IM + 5%空IF
981,2014-01-22,512215.9203893778,满仓中证1000指数,490050.87223979784,满仓中证1000指数,505685.60776676406,满仓中证1000指数,486051.03464972234,满仓中证1000指数,503933.0314610113,7.5%多IM + 7.5%空IF
982,2014-01-23,517049.93069938465,满仓中证1000指数,494675.70109524264,满仓中证1000指数,505685.60776676406,空仓,486051.03464972234,空仓,509505.55262415356,7.5%多IM + 7.5%空IF
983,2014-01-24,524642.0823457191,满仓中证1000指数,501939.3186212943,满仓中证1000指数,513110.8903005822,满仓中证1000指数,493188.0110688603,满仓中证1000指数,512755.72170634643,7.5%多IM + 7.5%空IF
984,2014-01-27,523163.3413618849,满仓中证1000指数,500524.5669900021,满仓中证1000指数,511664.6508007948,满仓中证1000指数,491797.92561966716,满仓中证1000指数,516767.94787068956,7.5%多IM + 7.5%空IF
985,2014-01-28,521563.36462412466,满仓中证1000指数,498993.8258226703,满仓中证1000指数,510099.8402070624,满仓中证1000指数,490293.8729109628,满仓中证1000指数,514894.20723424305,7.5%多IM + 7.5%空IF
986,2014-01-29,528616.9390041691,满仓中证1000指数,505742.1718614296,满仓中证1000指数,511921.1534610727,满仓沪深300指数,490293.8729109628,空仓,517456.6821134,5%多IM + 5%空IF
987,2014-01-30,526808.9060693482,满仓中证1000指数,504012.37768386153,满仓中证1000指数,510170.2252610936,满仓中证1000指数,488616.9166794167,满仓中证1000指数,520542.0947668011,7.5%多IM + 7.5%空IF
988,2014-02-07,538381.2777991912,满仓中证1000指数,515083.97978436184,满仓中证1000指数,521377.09633749473,满仓中证1000指数,499350.327842666,满仓中证1000指数,527339.6757597008,7.5%多IM + 7.5%空IF
989,2014-02-10,552363.2799745821,满仓中证1000指数,528460.9407279037,满仓中证1000指数,534917.4923278413,满仓中证1000指数,512318.67882009817,满仓中证1000指数,527770.1618893105,7.5%多IM + 7.5%空IF
990,2014-02-11,552187.8512799607,满仓中证1000指数,528293.10333474,满仓中证1000指数,534917.4923278413,空仓,512318.67882009817,空仓,524497.4259561389,7.5%多IM + 7.5%空IF
991,2014-02-12,559251.7055580339,满仓中证1000指数,535051.2844309331,满仓中证1000指数,536247.7870327723,满仓沪深300指数,513592.7721811242,满仓沪深300指数,524497.4259561389,空仓
992,2014-02-13,547703.9161930424,满仓中证1000指数,524003.2009460354,满仓中证1000指数,525174.9973916244,满仓中证1000指数,502987.7778760791,满仓中证1000指数,518382.14906341716,7.5%多IM + 7.5%空IF
993,2014-02-14,558756.0356922119,满仓中证1000指数,527685.9631365149,满仓沪深300指数,528865.9951189039,满仓沪深300指数,506522.84095831023,满仓沪深300指数,514973.5596973302,5%多IF + 5%空IM
994,2014-02-17,571807.483619955,满仓中证1000指数,531380.4487444911,满仓沪深300指数,541219.2701712215,满仓中证1000指数,518354.22363821295,满仓中证1000指数,521291.02916904015,7.5%多IM + 7.5%空IF
995,2014-02-18,572125.8252447807,满仓中证1000指数,531676.2834796068,满仓中证1000指数,541520.5824603902,满仓中证1000指数,518642.80630023684,满仓中证1000指数,526448.1266747067,7.5%多IM + 7.5%空IF
996,2014-02-19,572113.8692764211,满仓中证1000指数,531665.1728033493,满仓中证1000指数,541509.2660634294,满仓中证1000指数,518631.9679903609,满仓中证1000指数,521905.1564814966,7.5%多IM + 7.5%空IF
997,2014-02-20,562619.7130187203,满仓中证1000指数,522842.2574739996,满仓中证1000指数,536531.9863708871,满仓沪深300指数,513864.9648678709,满仓沪深300指数,521905.1564814966,空仓
998,2014-02-21,562129.4065779567,满仓中证1000指数,517552.6600721647,满仓沪深300指数,531103.8899220269,满仓沪深300指数,508666.1907745312,满仓沪深300指数,519492.5105624203,5%多IF + 5%空IM
999,2014-02-24,565895.8718252803,满仓中证1000指数,506173.23709012585,满仓沪深300指数,534662.473267252,满仓中证1000指数,512074.43362327997,满仓中证1000指数,530669.6536545741,7.5%多IM + 7.5%空IF
1000,2014-02-25,541859.2354735766,满仓中证1000指数,493236.10058749653,满仓沪深300指数,511952.48706541717,满仓中证1000指数,490323.8827554913,满仓中证1000指数,523936.7864076308,7.5%多IM + 7.5%空IF
1001,2014-02-26,541859.2354735766,空仓,494492.32854188624,满仓沪深300指数,513256.3839715942,满仓沪深300指数,491572.6935531776,满仓沪深300指数,522315.82241593144,7.5%多IF + 7.5%空IM
1002,2014-02-27,541859.2354735766,空仓,492367.30101423705,满仓沪深300指数,513256.3839715942,空仓,482895.0742517217,满仓中证1000指数,522315.82241593144,空仓
1003,2014-02-28,541859.2354735766,空仓,498050.2696514256,满仓沪深300指数,519180.45717251336,满仓沪深300指数,488468.7131923507,满仓沪深300指数,523000.1914237793,7.5%多IF + 7.5%空IM
1004,2014-03-03,541859.2354735766,空仓,500655.7540859392,满仓沪深300指数,519180.45717251336,空仓,488468.7131923507,空仓,518339.00715025427,5%多IF + 5%空IM
1005,2014-03-04,541859.2354735766,空仓,499262.1547704528,满仓沪深300指数,519994.72654460865,满仓中证1000指数,489234.8150493918,满仓中证1000指数,519466.8927313986,5%多IM + 5%空IF
1006,2014-03-05,541859.2354735766,空仓,494622.842763494,满仓沪深300指数,515162.76050159294,满仓沪深300指数,489404.20539564616,满仓中证1000指数,516963.43323577434,5%多IF + 5%空IM
1007,2014-03-06,541859.2354735766,空仓,494496.5877643056,满仓中证1000指数,515031.2625838146,满仓中证1000指数,489279.28248021874,满仓中证1000指数,515134.02784731955,7.5%多IM + 7.5%空IF
1008,2014-03-07,541859.2354735766,空仓,493244.99913778156,满仓中证1000指数,513781.14184527623,满仓沪深300指数,488091.6687907174,满仓沪深300指数,515160.75412279693,5%多IF + 5%空IM
1009,2014-03-10,541859.2354735766,空仓,474395.13772383536,满仓中证1000指数,513781.14184527623,空仓,488091.6687907174,空仓,513700.22281034454,5%多IM + 5%空IF
1010,2014-03-11,541859.2354735766,空仓,476854.1923025934,满仓沪深300指数,516444.35604978114,满仓沪深300指数,490621.72012883244,满仓沪深300指数,516825.38452739856,7.5%多IF + 7.5%空IM
1011,2014-03-12,541859.2354735766,空仓,478091.86065918184,满仓沪深300指数,516444.35604978114,空仓,491895.12191046786,满仓沪深300指数,518577.81613249163,5%多IF + 5%空IM
1012,2014-03-13,541859.2354735766,空仓,484016.522320841,满仓沪深300指数,522844.29365267116,满仓沪深300指数,497990.83783903834,满仓沪深300指数,517873.13623916276,7.5%多IF + 7.5%空IM
1013,2014-03-14,541859.2354735766,空仓,480059.73751630454,满仓沪深300指数,522844.29365267116,空仓,497990.83783903834,空仓,516240.3094837129,5%多IF + 5%空IM
1014,2014-03-17,541859.2354735766,空仓,491907.0213330391,满仓中证1000指数,535747.4476870227,满仓中证1000指数,510280.63915530086,满仓中证1000指数,522110.83498450404,7.5%多IM + 7.5%空IF
1015,2014-03-18,541859.2354735766,空仓,495045.7905790346,满仓中证1000指数,539165.9547208594,满仓中证1000指数,513536.6471152344,满仓中证1000指数,525505.7138323571,7.5%多IM + 7.5%空IF
1016,2014-03-19,541859.2354735766,空仓,495377.766141107,满仓中证1000指数,539165.9547208594,空仓,513881.022565577,满仓中证1000指数,528952.1623832114,7.5%多IM + 7.5%空IF
1017,2014-03-20,541859.2354735766,空仓,481399.4781194824,满仓中证1000指数,539165.9547208594,空仓,499380.62017928483,满仓中证1000指数,524099.5512396377,7.5%多IM + 7.5%空IF
1018,2014-03-21,541859.2354735766,空仓,497968.69359476323,满仓沪深300指数,557723.4257750513,满仓沪深300指数,516568.7258503846,满仓沪深300指数,531762.178292642,7.5%多IF + 7.5%空IM
1019,2014-03-24,541859.2354735766,空仓,502064.45990706707,满仓沪深300指数,562310.671616516,满仓沪深300指数,520817.47644965304,满仓沪深300指数,534513.5980583754,7.5%多IF + 7.5%空IM
1020,2014-03-25,541332.9492322102,满仓沪深300指数,501576.82474237855,满仓沪深300指数,562310.671616516,空仓,520817.47644965304,空仓,534263.9967772623,5%多IF + 5%空IM
1021,2014-03-26,540488.2523462328,满仓沪深300指数,500794.16338297067,满仓沪深300指数,562310.671616516,空仓,520817.47644965304,空仓,532333.7061273728,5%多IF + 5%空IM
1022,2014-03-27,529498.7608555158,满仓中证1000指数,497255.69440173963,满仓沪深300指数,550877.4752166976,满仓中证1000指数,510227.9415230111,满仓中证1000指数,527036.9282102919,7.5%多IM + 7.5%空IF
1023,2014-03-28,528579.6265004661,满仓沪深300指数,496392.5294129674,满仓沪深300指数,549921.2304616076,满仓沪深300指数,509342.25856276695,满仓沪深300指数,537245.8744859161,7.5%多IF + 7.5%空IM
1024,2014-03-31,527189.3805224912,满仓沪深300指数,495086.94046682864,满仓沪深300指数,548474.8527721876,满仓沪深300指数,508002.60983081016,满仓沪深300指数,539508.2120629494,7.5%多IF + 7.5%空IM
1025,2014-04-01,531318.3619517769,满仓沪深300指数,498964.4935029757,满仓沪深300指数,552770.5434010128,满仓沪深300指数,511981.3192273106,满仓沪深300指数,535544.2342478659,7.5%多IF + 7.5%空IM
1026,2014-04-02,535644.3358323588,满仓沪深300指数,503027.04341806314,满仓沪深300指数,549116.824635696,满仓中证1000指数,508597.21025861806,满仓中证1000指数,535544.2342478659,空仓
1027,2014-04-03,531783.3329122551,满仓沪深300指数,499401.15072471433,满仓沪深300指数,545158.7100406786,满仓沪深300指数,504931.1669858676,满仓沪深300指数,532377.265376332,7.5%多IF + 7.5%空IM
1028,2014-04-04,536809.8335647777,满仓沪深300指数,505445.8098721971,满仓中证1000指数,545158.7100406786,空仓,511042.76042721455,满仓中证1000指数,533083.1060476048,5%多IM + 5%空IF
1029,2014-04-08,549544.0937206306,满仓沪深300指数,508732.81304583885,满仓中证1000指数,545158.7100406786,空仓,511042.76042721455,空仓,533083.1060476048,空仓
1030,2014-04-09,549864.3906738602,满仓沪深300指数,509029.3235022124,满仓沪深300指数,545476.4510115085,满仓沪深300指数,511340.61721615144,满仓沪深300指数,528626.355350315,7.5%多IF + 7.5%空IM
1031,2014-04-10,558495.9514357001,满仓沪深300指数,511044.2447645083,满仓中证1000指数,547635.6431218231,满仓中证1000指数,513364.68741080264,满仓中证1000指数,523972.09471718245,7.5%多IM + 7.5%空IF
1032,2014-04-11,557735.7374247757,满仓沪深300指数,510348.62110945134,满仓沪深300指数,546890.2119549318,满仓沪深300指数,512665.9052135812,满仓沪深300指数,525620.5956101759,7.5%多IF + 7.5%空IM
1033,2014-04-14,557231.4662246375,满仓沪深300指数,509887.1944975507,满仓沪深300指数,546395.7466283961,满仓沪深300指数,512665.9052135812,空仓,522366.84413802595,7.5%多IF + 7.5%空IM
1034,2014-04-15,547615.1888328152,满仓沪深300指数,501087.9485862476,满仓沪深300指数,544202.0239804893,满仓中证1000指数,510607.6044050255,满仓中证1000指数,522366.84413802595,空仓
1035,2014-04-16,548632.0675981536,满仓中证1000指数,502018.42988931446,满仓中证1000指数,545212.5647644647,满仓中证1000指数,511555.76296769525,满仓中证1000指数,522556.090604818,7.5%多IM + 7.5%空IF
1036,2014-04-17,546734.1790817106,满仓沪深300指数,502023.09006278554,满仓中证1000指数,543326.5053691091,满仓沪深300指数,511555.76296769525,空仓,521649.82338241674,5%多IF + 5%空IM
1037,2014-04-18,549286.1109679362,满仓中证1000指数,504366.3288434751,满仓中证1000指数,545862.5316259854,满仓中证1000指数,511555.76296769525,空仓,523532.93588910945,7.5%多IM + 7.5%空IF
1038,2014-04-21,540778.6938979859,满仓中证1000指数,496554.6353929526,满仓中证1000指数,545862.5316259854,空仓,503632.71859573055,满仓中证1000指数,524023.28408589435,7.5%多IM + 7.5%空IF
1039,2014-04-22,535493.1373572175,满仓中证1000指数,491701.3236213073,满仓中证1000指数,540527.2857907633,满仓中证1000指数,503632.71859573055,空仓,518466.48129829264,7.5%多IM + 7.5%空IF
1040,2014-04-23,535493.1373572175,空仓,491225.2442805666,满仓沪深300指数,540003.931751412,满仓沪深300指数,503145.0869357654,满仓沪深300指数,519497.47449673765,7.5%多IF + 7.5%空IM
1041,2014-04-24,535493.1373572175,空仓,490286.5151996702,满仓沪深300指数,538971.9868331987,满仓沪深300指数,503145.0869357654,空仓,521636.5087598802,5%多IF + 5%空IM
1042,2014-04-25,535493.1373572175,空仓,485217.2886321591,满仓沪深300指数,533399.3858537767,满仓沪深300指数,497942.9115486477,满仓沪深300指数,525962.2898572565,7.5%多IF + 7.5%空IM
1043,2014-04-28,535493.1373572175,空仓,477863.0155250985,满仓沪深300指数,525314.8331170729,满仓沪深300指数,490395.76051127014,满仓沪深300指数,533603.0371411898,7.5%多IF + 7.5%空IM
1044,2014-04-29,535493.1373572175,空仓,483123.1662475938,满仓沪深300指数,531097.3170281199,满仓沪深300指数,495793.867353934,满仓沪深300指数,533047.1464274321,7.5%多IF + 7.5%空IM
1045,2014-04-30,535493.1373572175,空仓,483165.46948943683,满仓沪深300指数,536557.0232333636,满仓中证1000指数,495793.867353934,空仓,533047.1464274321,空仓
1046,2014-05-05,535493.1373572175,空仓,488728.2765406881,满仓中证1000指数,542734.5408349318,满仓中证1000指数,501502.06836465193,满仓中证1000指数,538055.3815868156,7.5%多IM + 7.5%空IF
1047,2014-05-06,535493.1373572175,空仓,492437.6687322885,满仓中证1000指数,546853.834447601,满仓中证1000指数,505308.412187503,满仓中证1000指数,540957.6580210406,7.5%多IM + 7.5%空IF
1048,2014-05-07,535493.1373572175,空仓,483988.45017600816,满仓中证1000指数,537470.9462995791,满仓中证1000指数,496638.3581197662,满仓中证1000指数,537759.9266705784,7.5%多IM + 7.5%空IF
1049,2014-05-08,535493.1373572175,空仓,483908.37291667657,满仓中证1000指数,537013.2708214257,满仓沪深300指数,496215.4530314322,满仓沪深300指数,537575.4528441865,5%多IF + 5%空IM
1050,2014-05-09,535493.1373572175,空仓,478524.0847688954,满仓中证1000指数,537013.2708214257,空仓,496215.4530314322,空仓,534784.2395003749,5%多IM + 5%空IF
1051,2014-05-12,535493.1373572175,空仓,488871.5345189043,满仓沪深300指数,548625.4717780323,满仓沪深300指数,506945.4551961098,满仓沪深300指数,534992.4647083853,7.5%多IF + 7.5%空IM
1052,2014-05-13,535493.1373572175,空仓,487704.99932180945,满仓沪深300指数,548625.4717780323,空仓,506945.4551961098,空仓,534448.7443462654,5%多IF + 5%空IM
1053,2014-05-14,534882.5105280605,满仓沪深300指数,487148.8656638327,满仓沪深300指数,548625.4717780323,空仓,506945.4551961098,空仓,533975.9744931165,5%多IF + 5%空IM
1054,2014-05-15,524842.0731871525,满仓中证1000指数,480805.3540038139,满仓沪深300指数,548625.4717780323,空仓,506945.4551961098,空仓,533975.9744931165,空仓
1055,2014-05-16,522553.8831180604,满仓中证1000指数,481224.24822683836,满仓沪深300指数,549103.4532289836,满仓沪深300指数,507387.1235777154,满仓沪深300指数,535372.5895279893,5%多IF + 5%空IM
1056,2014-05-19,522553.8831180604,空仓,474315.4087636906,满仓沪深300指数,541220.0857116617,满仓沪深300指数,507387.1235777154,空仓,532354.8860831518,5%多IF + 5%空IM
1057,2014-05-20,522553.8831180604,空仓,474456.23615772673,满仓沪深300指数,543848.1425986091,满仓中证1000指数,509850.89434245613,满仓中证1000指数,533568.3608551144,5%多IM + 5%空IF
1058,2014-05-21,522553.8831180604,空仓,478971.23416970426,满仓沪深300指数,543848.1425986091,空仓,514247.0789639706,满仓中证1000指数,533568.3608551144,空仓
1059,2014-05-22,522553.8831180604,空仓,479918.96749062487,满仓中证1000指数,543848.1425986091,空仓,514247.0789639706,空仓,534725.3868279925,5%多IM + 5%空IF
1060,2014-05-23,522553.8831180604,空仓,485734.049694596,满仓中证1000指数,550437.8418393455,满仓中证1000指数,520478.1080332394,满仓中证1000指数,536282.4792035065,7.5%多IM + 7.5%空IF
1061,2014-05-26,529686.2245761822,满仓中证1000指数,492363.8369991819,满仓中证1000指数,550437.8418393455,空仓,520478.1080332394,空仓,540356.563947491,7.5%多IM + 7.5%空IF
1062,2014-05-27,527329.8356162068,满仓中证1000指数,490173.48230244726,满仓中证1000指数,547989.136184029,满仓中证1000指数,518162.68276678136,满仓中证1000指数,540188.2926335077,7.5%多IM + 7.5%空IF
1063,2014-05-28,534887.8642591712,满仓中证1000指数,497198.9623133297,满仓中证1000指数,547989.136184029,空仓,518162.68276678136,空仓,541830.5687032358,7.5%多IM + 7.5%空IF
1064,2014-05-29,528546.2313303016,满仓中证1000指数,491304.1691757568,满仓中证1000指数,541492.1745161838,满仓中证1000指数,512019.3436650495,满仓中证1000指数,539670.3704278683,7.5%多IM + 7.5%空IF
1065,2014-05-30,530054.438859562,满仓中证1000指数,492706.10642019217,满仓中证1000指数,541818.8038710129,满仓沪深300指数,512328.19493890356,满仓沪深300指数,539670.3704278683,空仓
1066,2014-06-03,529143.1968841864,满仓中证1000指数,491210.4848041455,满仓沪深300指数,541818.8038710129,空仓,512328.19493890356,空仓,539670.3704278683,空仓
1067,2014-06-04,525777.1550084334,满仓中证1000指数,486265.29166975577,满仓沪深300指数,541818.8038710129,空仓,512328.19493890356,空仓,539670.3704278683,空仓
1068,2014-06-05,532688.6135099411,满仓中证1000指数,491366.764239736,满仓沪深300指数,548941.1334409064,满仓中证1000指数,519062.8638470949,满仓中证1000指数,540744.6222157743,7.5%多IM + 7.5%空IF
1069,2014-06-06,531659.8029603428,满仓中证1000指数,490417.7608295808,满仓中证1000指数,548941.1334409064,空仓,519062.8638470949,空仓,542957.1117214393,7.5%多IM + 7.5%空IF
1070,2014-06-09,527681.8571376663,满仓中证1000指数,486748.3931771914,满仓中证1000指数,544833.8865200226,满仓中证1000指数,515179.1699145275,满仓中证1000指数,539993.2369154285,7.5%多IM + 7.5%空IF
1071,2014-06-10,534371.0642801445,满仓中证1000指数,492903.10236809595,满仓沪深300指数,551723.0600147573,满仓沪深300指数,521693.37317946006,满仓沪深300指数,539984.5830356941,5%多IF + 5%空IM
1072,2014-06-11,538003.6025263707,满仓中证1000指数,492788.61524415354,满仓沪深300指数,551723.0600147573,空仓,521693.37317946006,空仓,539984.5830356941,空仓
1073,2014-06-12,537330.9187054795,满仓中证1000指数,491110.9911729972,满仓沪深300指数,551033.2222992815,满仓中证1000指数,521041.0825814863,满仓中证1000指数,540856.9341925419,7.5%多IM + 7.5%空IF
1074,2014-06-13,543542.8955054537,满仓中证1000指数,496318.1027543784,满仓沪深300指数,551033.2222992815,空仓,521041.0825814863,空仓,540856.9341925419,空仓
1075,2014-06-16,547429.2723998075,满仓中证1000指数,499866.8184541769,满仓中证1000指数,551033.2222992815,空仓,521041.0825814863,空仓,540847.1132205769,7.5%多IM + 7.5%空IF
1076,2014-06-17,542512.7165534396,满仓中证1000指数,495377.4291347083,满仓中证1000指数,545456.9100414815,满仓沪深300指数,521041.0825814863,空仓,541155.0087930752,5%多IM + 5%空IF
1077,2014-06-18,538432.4826501834,满仓中证1000指数,493223.24097377446,满仓沪深300指数,545456.9100414815,空仓,521041.0825814863,空仓,541155.0087930752,空仓
1078,2014-06-19,522491.05064046883,满仓中证1000指数,485612.9177326248,满仓沪深300指数,545456.9100414815,空仓,521041.0825814863,空仓,541155.0087930752,空仓
1079,2014-06-20,522491.05064046883,空仓,487855.4652807638,满仓沪深300指数,547975.8155556517,满仓沪深300指数,523447.2364533364,满仓沪深300指数,538320.6304774696,7.5%多IF + 7.5%空IM
1080,2014-06-23,521850.63060515915,满仓沪深300指数,487257.49826502614,满仓沪深300指数,547975.8155556517,空仓,530488.8879892321,满仓中证1000指数,534369.8516440006,5%多IF + 5%空IM
1081,2014-06-24,525887.6428750005,满仓中证1000指数,489703.02125302417,满仓沪深300指数,552214.9310443292,满仓中证1000指数,534592.72541747,满仓中证1000指数,535458.7636381382,7.5%多IM + 7.5%空IF
1082,2014-06-25,523898.18758651376,满仓中证1000指数,487088.77064966515,满仓沪深300指数,552214.9310443292,空仓,534592.72541747,空仓,535458.7636381382,空仓
1083,2014-06-26,523898.18758651376,空仓,495094.90483366925,满仓中证1000指数,552214.9310443292,空仓,534592.72541747,空仓,537888.4387595095,5%多IM + 5%空IF
1084,2014-06-27,527845.7631476388,满仓中证1000指数,498825.447509838,满仓中证1000指数,552214.9310443292,空仓,538620.884376628,满仓中证1000指数,540706.3023714634,7.5%多IM + 7.5%空IF
1085,2014-06-30,533848.1152896695,满仓中证1000指数,504497.79765906633,满仓中证1000指数,552214.9310443292,空仓,544745.7648716453,满仓中证1000指数,542515.2140820082,7.5%多IM + 7.5%空IF
1086,2014-07-01,537273.7994585698,满仓中证1000指数,507735.14189460414,满仓中证1000指数,555758.4744098096,满仓中证1000指数,548241.3788662432,满仓中证1000指数,545231.2413364756,7.5%多IM + 7.5%空IF
1087,2014-07-02,540529.8552629187,满仓中证1000指数,509214.79353499424,满仓沪深300指数,559126.5534195094,满仓中证1000指数,551563.9018063913,满仓中证1000指数,546517.759096722,7.5%多IM + 7.5%空IF
1088,2014-07-03,544375.3477747584,满仓中证1000指数,511402.1352513286,满仓沪深300指数,559126.5534195094,空仓,551563.9018063913,空仓,546517.759096722,空仓
1089,2014-07-04,544033.2493333629,满仓中证1000指数,511050.98773933365,满仓沪深300指数,558775.1849689551,满仓中证1000指数,551563.9018063913,空仓,546533.6663001811,5%多IM + 5%空IF
1090,2014-07-07,543299.1038921959,满仓中证1000指数,510486.618391398,满仓沪深300指数,558158.1123199448,满仓沪深300指数,551563.9018063913,空仓,546600.6491326495,5%多IF + 5%空IM
1091,2014-07-08,548106.953201635,满仓中证1000指数,515004.0982070799,满仓中证1000指数,558158.1123199448,空仓,551563.9018063913,空仓,549440.3028272607,7.5%多IM + 7.5%空IF
1092,2014-07-09,539632.5299581722,满仓中证1000指数,507041.48675901984,满仓中证1000指数,558158.1123199448,空仓,543036.0297872172,满仓中证1000指数,549071.8060290205,7.5%多IM + 7.5%空IF
1093,2014-07-10,539454.3764567426,满仓中证1000指数,505657.96630401746,满仓沪深300指数,556635.1143292751,满仓沪深300指数,543036.0297872172,空仓,548413.3384297414,5%多IF + 5%空IM
1094,2014-07-11,542786.2841199825,满仓中证1000指数,506876.068399996,满仓沪深300指数,556635.1143292751,空仓,543036.0297872172,空仓,548413.3384297414,空仓
1095,2014-07-14,549241.7800760787,满仓中证1000指数,512904.47498566203,满仓中证1000指数,556635.1143292751,空仓,543036.0297872172,空仓,548757.592707127,7.5%多IM + 7.5%空IF
1096,2014-07-15,545699.5857031761,满仓中证1000指数,509596.62876740977,满仓中证1000指数,553045.238538209,满仓中证1000指数,543036.0297872172,空仓,545493.4481950948,7.5%多IM + 7.5%空IF
1097,2014-07-16,538336.2719661754,满仓中证1000指数,502720.4647474258,满仓中证1000指数,553045.238538209,空仓,542010.3669705396,满仓沪深300指数,542328.3342098348,5%多IM + 5%空IF
1098,2014-07-17,534914.1198348007,满仓沪深300指数,499524.7188920747,满仓沪深300指数,549529.5829148237,满仓沪深300指数,538564.8589690428,满仓沪深300指数,541193.3760996358,7.5%多IF + 7.5%空IM
1099,2014-07-18,534914.1198348007,空仓,501163.34915819525,满仓沪深300指数,549529.5829148237,空仓,538564.8589690428,空仓,541922.6880291116,5%多IF + 5%空IM
1100,2014-07-21,534914.1198348007,空仓,501661.4686752142,满仓沪深300指数,549529.5829148237,空仓,538564.8589690428,空仓,542882.5990339536,5%多IF + 5%空IM
1101,2014-07-22,534914.1198348007,空仓,507775.7641693327,满仓沪深300指数,549529.5829148237,空仓,538564.8589690428,空仓,542392.8501251647,5%多IF + 5%空IM
1102,2014-07-23,536166.8158309442,满仓沪深300指数,500698.49712061096,满仓中证1000指数,541870.3603132427,满仓中证1000指数,538564.8589690428,空仓,537977.8688494379,5%多IM + 5%空IF
1103,2014-07-24,545725.3619888588,满仓沪深300指数,509624.7296934132,满仓沪深300指数,551530.586753465,满仓沪深300指数,548166.1563852363,满仓沪深300指数,548296.9925169516,7.5%多IF + 7.5%空IM
1104,2014-07-25,551443.3642193566,满仓沪深300指数,514964.47665053414,满仓沪深300指数,557309.4149789864,满仓沪深300指数,553909.7327758791,满仓沪深300指数,549211.6639585092,7.5%多IF + 7.5%空IM
1105,2014-07-28,566920.4415481447,满仓沪深300指数,529417.7198008657,满仓沪深300指数,557309.4149789864,空仓,553909.7327758791,空仓,552180.2689707164,5%多IF + 5%空IM
1106,2014-07-29,568743.2544952108,满仓沪深300指数,531119.9506666709,满仓沪深300指数,559101.3256999534,满仓沪深300指数,555690.7125367298,满仓沪深300指数,548349.5559332363,7.5%多IF + 7.5%空IM
1107,2014-07-30,566460.3471666985,满仓沪深300指数,528988.0614211938,满仓沪深300指数,563781.1781172408,满仓中证1000指数,560342.0170584521,满仓中证1000指数,548349.5559332363,空仓
1108,2014-07-31,573349.565264282,满仓沪深300指数,531787.6616847087,满仓中证1000指数,563781.1781172408,空仓,563307.5540393826,满仓中证1000指数,546466.1116675746,5%多IM + 5%空IF
1109,2014-08-01,568263.3999627057,满仓沪深300指数,527070.1906748188,满仓沪深300指数,558779.8936661049,满仓沪深300指数,563307.5540393826,空仓,547600.2511928104,7.5%多IF + 7.5%空IM
1110,2014-08-04,579538.3957854433,满仓沪深300指数,537527.8661093762,满仓沪深300指数,558779.8936661049,空仓,563307.5540393826,空仓,549475.8236736841,5%多IF + 5%空IM
1111,2014-08-05,578009.5455794391,满仓沪深300指数,536109.8417044178,满仓沪深300指数,557305.8053886846,满仓沪深300指数,563307.5540393826,空仓,544491.7054428585,7.5%多IF + 7.5%空IM
1112,2014-08-06,576513.6289585333,满仓沪深300指数,534722.3635408299,满仓沪深300指数,559693.7397409248,满仓中证1000指数,565721.2045812586,满仓中证1000指数,544491.7054428585,空仓
1113,2014-08-07,567788.9123848091,满仓沪深300指数,531240.7996618963,满仓中证1000指数,559693.7397409248,空仓,565721.2045812586,空仓,544491.7054428585,空仓
1114,2014-08-08,573039.1819147009,满仓中证1000指数,536153.1135917074,满仓中证1000指数,564869.1542721643,满仓中证1000指数,570952.3542885529,满仓中证1000指数,547622.6822939644,7.5%多IM + 7.5%空IF
1115,2014-08-11,581786.5492119662,满仓中证1000指数,544337.4199361508,满仓中证1000指数,573491.8071783836,满仓中证1000指数,579667.8664381981,满仓中证1000指数,547863.9628346658,7.5%多IM + 7.5%空IF
1116,2014-08-12,585818.2498956225,满仓中证1000指数,548109.6033100513,满仓中证1000指数,573491.8071783836,空仓,579667.8664381981,空仓,552152.747370306,7.5%多IM + 7.5%空IF
1117,2014-08-13,585657.7699590484,满仓中证1000指数,547959.4533371022,满仓中证1000指数,573334.7039661532,满仓中证1000指数,579509.0713469618,满仓中证1000指数,551714.4501797847,7.5%多IM + 7.5%空IF
1118,2014-08-14,583691.2853590264,满仓中证1000指数,546119.5497591146,满仓中证1000指数,573334.7039661532,空仓,579509.0713469618,空仓,554351.8854150596,7.5%多IM + 7.5%空IF
1119,2014-08-15,589937.5651399873,满仓中证1000指数,551963.7615663024,满仓中证1000指数,579470.1544327541,满仓中证1000指数,585710.5958275123,满仓中证1000指数,554406.6595412001,7.5%多IM + 7.5%空IF
1120,2014-08-18,599793.6528769719,满仓中证1000指数,561185.4209131564,满仓中证1000指数,579470.1544327541,空仓,585710.5958275123,空仓,558900.3961971961,7.5%多IM + 7.5%空IF
1121,2014-08-19,602449.0564914087,满仓中证1000指数,563669.8983462108,满仓中证1000指数,582035.581951299,满仓中证1000指数,588303.6509985937,满仓中证1000指数,560719.8024360808,7.5%多IM + 7.5%空IF
1122,2014-08-20,601149.2570599938,满仓中证1000指数,562453.7659521408,满仓中证1000指数,582035.581951299,空仓,588303.6509985937,空仓,561340.380954504,7.5%多IM + 7.5%空IF
1123,2014-08-21,602883.1668273814,满仓中证1000指数,564076.0653512249,满仓中证1000指数,582035.581951299,空仓,588303.6509985937,空仓,564671.342183028,7.5%多IM + 7.5%空IF
1124,2014-08-22,608059.4702959715,满仓中证1000指数,568919.1743552324,满仓中证1000指数,587032.8898336072,满仓中证1000指数,593354.7759873266,满仓中证1000指数,566307.1372156104,7.5%多IM + 7.5%空IF
1125,2014-08-25,603734.5470121552,满仓中证1000指数,564872.6428826106,满仓中证1000指数,587032.8898336072,空仓,589134.4422673666,满仓中证1000指数,567326.505285126,7.5%多IM + 7.5%空IF
1126,2014-08-26,591822.2688121118,满仓中证1000指数,553727.1483885279,满仓中证1000指数,587032.8898336072,空仓,589134.4422673666,空仓,562340.1332066673,7.5%多IM + 7.5%空IF
1127,2014-08-27,595092.2951740312,满仓中证1000指数,554561.7565713385,满仓沪深300指数,587917.6982719509,满仓沪深300指数,590022.4182817681,满仓沪深300指数,561210.3646892471,5%多IF + 5%空IM
1128,2014-08-28,589918.8534875747,满仓中证1000指数,550674.1454611692,满仓沪深300指数,587917.6982719509,空仓,584893.0516281634,满仓中证1000指数,560738.0300464383,5%多IM + 5%空IF
1129,2014-08-29,596713.0544785942,满仓中证1000指数,557109.1818327182,满仓沪深300指数,587917.6982719509,空仓,584893.0516281634,空仓,560738.0300464383,空仓
1130,2014-09-01,607883.9109689237,满仓中证1000指数,567538.6280682059,满仓中证1000指数,587917.6982719509,空仓,584893.0516281634,空仓,565548.1282143116,7.5%多IM + 7.5%空IF
1131,2014-09-02,616896.763593361,满仓中证1000指数,575953.297252822,满仓中证1000指数,596634.5198133824,满仓中证1000指数,593565.0279385408,满仓中证1000指数,566228.5579887675,7.5%多IM + 7.5%空IF
1132,2014-09-03,621746.8238987101,满仓中证1000指数,580481.4588344609,满仓中证1000指数,596634.5198133824,空仓,593565.0279385408,空仓,565585.1638594382,7.5%多IM + 7.5%空IF
1133,2014-09-04,627861.461701521,满仓中证1000指数,586190.2678473691,满仓中证1000指数,602502.1878883659,满仓中证1000指数,593565.0279385408,空仓,566695.275699615,7.5%多IM + 7.5%空IF
1134,2014-09-05,629902.7929111933,满仓中证1000指数,588096.1158115366,满仓中证1000指数,602502.1878883659,空仓,593565.0279385408,空仓,564041.8955089388,7.5%多IM + 7.5%空IF
1135,2014-09-09,633760.4752274123,满仓中证1000指数,587127.264486585,满仓沪深300指数,602502.1878883659,空仓,592587.1669251764,满仓沪深300指数,561850.116902721,5%多IF + 5%空IM
1136,2014-09-10,638116.7680461556,满仓中证1000指数,584055.993780896,满仓沪深300指数,602502.1878883659,空仓,596660.4459014793,满仓中证1000指数,565250.6402360316,5%多IM + 5%空IF
1137,2014-09-11,637307.9843877563,满仓中证1000指数,583315.7296677831,满仓中证1000指数,601738.5440725078,满仓中证1000指数,595904.2062249451,满仓中证1000指数,566278.2285054225,7.5%多IM + 7.5%空IF
1138,2014-09-12,645240.6243252681,满仓中证1000指数,590576.3222959873,满仓中证1000指数,609228.4474215696,满仓中证1000指数,595904.2062249451,空仓,568952.7063902292,7.5%多IM + 7.5%空IF
1139,2014-09-15,651855.9639329317,满仓中证1000指数,596631.2152908578,满仓中证1000指数,609228.4474215696,空仓,602013.723433251,满仓中证1000指数,573532.1796920118,7.5%多IM + 7.5%空IF
1140,2014-09-16,629354.5414955037,满仓中证1000指数,576036.0964955699,满仓中证1000指数,609228.4474215696,空仓,581232.8057863975,满仓中证1000指数,567230.4009307643,7.5%多IM + 7.5%空IF
1141,2014-09-17,633773.903589732,满仓中证1000指数,579065.1049614848,满仓沪深300指数,612431.9934079109,满仓沪深300指数,584289.1404503278,满仓沪深300指数,566730.1918932135,5%多IF + 5%空IM
1142,2014-09-18,638807.2280201812,满仓中证1000指数,580834.6188634738,满仓沪深300指数,612431.9934079109,空仓,584289.1404503278,空仓,566730.1918932135,空仓
1143,2014-09-19,646112.6973962395,满仓中证1000指数,584824.8268951185,满仓沪深300指数,619435.8327142163,满仓中证1000指数,590971.1350100206,满仓中证1000指数,568671.0980149872,7.5%多IM + 7.5%空IF
1144,2014-09-22,640674.1005882418,满仓中证1000指数,573662.0348486525,满仓沪深300指数,619435.8327142163,空仓,585996.6874539881,满仓中证1000指数,571704.9581262255,5%多IM + 5%空IF
1145,2014-09-23,649972.9112889613,满仓中证1000指数,581988.2254397024,满仓中证1000指数,628426.3889804418,满仓中证1000指数,594501.9044791186,满仓中证1000指数,574225.7882725181,7.5%多IM + 7.5%空IF
1146,2014-09-24,658666.1248627738,满仓中证1000指数,589772.1620520118,满仓中证1000指数,628426.3889804418,空仓,602453.2081964171,满仓中证1000指数,572375.3187246302,7.5%多IM + 7.5%空IF
1147,2014-09-25,659297.0377547096,满仓中证1000指数,590337.0838633787,满仓中证1000指数,628426.3889804418,空仓,602453.2081964171,空仓,573647.7600262372,7.5%多IM + 7.5%空IF
1148,2014-09-26,662111.8206202844,满仓中证1000指数,592857.4511840494,满仓中证1000指数,628426.3889804418,空仓,602453.2081964171,空仓,575442.9310476801,7.5%多IM + 7.5%空IF
1149,2014-09-29,669227.4217586264,满仓中证1000指数,599228.7876005594,满仓中证1000指数,628426.3889804418,空仓,602453.2081964171,空仓,578204.3648922091,7.5%多IM + 7.5%空IF
1150,2014-09-30,674404.715844109,满仓中证1000指数,603864.5564842413,满仓中证1000指数,628426.3889804418,空仓,607113.9219241644,满仓中证1000指数,580994.2394953822,7.5%多IM + 7.5%空IF
1151,2014-10-08,684072.696440075,满仓中证1000指数,612521.3032084602,满仓中证1000指数,628426.3889804418,空仓,615817.2501761875,满仓中证1000指数,582370.5210866128,7.5%多IM + 7.5%空IF
1152,2014-10-09,686636.41295769,满仓中证1000指数,614816.8647629538,满仓中证1000指数,630781.5584264942,满仓中证1000指数,615817.2501761875,空仓,583377.9331063473,7.5%多IM + 7.5%空IF
1153,2014-10-10,684293.7140756309,满仓中证1000指数,612719.2032428678,满仓中证1000指数,630781.5584264942,空仓,615817.2501761875,空仓,584558.6862101599,7.5%多IM + 7.5%空IF
1154,2014-10-13,684259.7028956574,满仓中证1000指数,612688.7495025133,满仓中证1000指数,630781.5584264942,空仓,615817.2501761875,空仓,586641.7357371594,7.5%多IM + 7.5%空IF
1155,2014-10-14,682864.9143111126,满仓中证1000指数,611439.850480594,满仓中证1000指数,630781.5584264942,空仓,614561.9740477282,满仓中证1000指数,587247.4825228015,7.5%多IM + 7.5%空IF
1156,2014-10-15,684933.9827937731,满仓中证1000指数,615766.4306741554,满仓沪深300指数,630781.5584264942,空仓,614561.9740477282,空仓,587247.4825228015,空仓
1157,2014-10-16,675241.8971867579,满仓中证1000指数,610898.2782024373,满仓沪深300指数,630781.5584264942,空仓,614561.9740477282,空仓,587247.4825228015,空仓
1158,2014-10-17,666868.7629377446,满仓中证1000指数,610232.7466026536,满仓沪深300指数,630094.365362325,满仓沪深300指数,613892.4511036504,满仓沪深300指数,590568.5926546981,5%多IF + 5%空IM
1159,2014-10-20,677419.0529792372,满仓中证1000指数,613476.4321578889,满仓沪深300指数,633443.6251369593,满仓沪深300指数,617155.5897785231,满仓沪深300指数,587466.586842477,5%多IF + 5%空IM
1160,2014-10-21,671749.2021611284,满仓中证1000指数,608148.1806718257,满仓沪深300指数,628141.8391295931,满仓中证1000指数,611990.1311008891,满仓中证1000指数,587605.6210788515,7.5%多IM + 7.5%空IF
1161,2014-10-22,671749.2021611284,空仓,604461.8903613456,满仓沪深300指数,628141.8391295931,空仓,611990.1311008891,空仓,589459.2585575385,5%多IF + 5%空IM
1162,2014-10-23,671749.2021611284,空仓,598787.5024630778,满仓沪深300指数,622245.1556377325,满仓沪深300指数,606245.0718189842,满仓沪深300指数,592425.6491108366,7.5%多IF + 7.5%空IM
1163,2014-10-24,671749.2021611284,空仓,597480.4313902771,满仓沪深300指数,620886.8797221882,满仓沪深300指数,604921.721894106,满仓沪深300指数,590598.4371610122,7.5%多IF + 7.5%空IM
1164,2014-10-27,671749.2021611284,空仓,592013.7253393318,满仓沪深300指数,627669.6988176341,满仓中证1000指数,604921.721894106,空仓,590598.4371610122,空仓
1165,2014-10-28,671749.2021611284,空仓,607470.7562430899,满仓中证1000指数,644057.6802388685,满仓中证1000指数,620715.7708315903,满仓中证1000指数,593221.4286516912,7.5%多IM + 7.5%空IF
1166,2014-10-29,671749.2021611284,空仓,615653.6177708601,满仓中证1000指数,644057.6802388685,空仓,620715.7708315903,空仓,592954.1378459559,5%多IM + 5%空IF
1167,2014-10-30,671199.582246315,满仓中证1000指数,615149.8948220792,满仓中证1000指数,644057.6802388685,空仓,620715.7708315903,空仓,589408.0904422736,7.5%多IM + 7.5%空IF
1168,2014-10-31,667653.2379789075,满仓中证1000指数,611899.6941950206,满仓中证1000指数,654335.7861357308,满仓沪深300指数,630621.3780779685,满仓沪深300指数,589408.0904422736,空仓
1169,2014-11-03,668777.2947195551,满仓沪深300指数,612929.8846243252,满仓沪深300指数,655437.4216992448,满仓沪深300指数,631683.0882150612,满仓沪深300指数,585354.6306752441,7.5%多IF + 7.5%空IM
1170,2014-11-04,668943.3878775385,满仓沪深300指数,608615.4433059475,满仓中证1000指数,650823.7678952318,满仓中证1000指数,627236.6422441882,满仓中证1000指数,582155.3461481633,7.5%多IM + 7.5%空IF
1171,2014-11-05,666355.1028322964,满仓沪深300指数,608169.0274953152,满仓中证1000指数,648305.5915352321,满仓沪深300指数,624809.7295182854,满仓沪深300指数,581242.6081169464,5%多IF + 5%空IM
1172,2014-11-06,667052.214980948,满仓沪深300指数,614218.9334723969,满仓中证1000指数,648305.5915352321,空仓,624809.7295182854,空仓,581242.6081169464,空仓
1173,2014-11-07,660579.7044550788,满仓中证1000指数,608259.0724258345,满仓中证1000指数,648305.5915352321,空仓,618747.1043442006,满仓中证1000指数,577693.5359114774,7.5%多IM + 7.5%空IF
1174,2014-11-10,662536.0413112796,满仓中证1000指数,623714.2772225105,满仓沪深300指数,664778.3350457351,满仓沪深300指数,634468.7986821932,满仓沪深300指数,584177.3868587513,5%多IF + 5%空IM
1175,2014-11-11,660697.9946181149,满仓沪深300指数,621983.9321646636,满仓沪深300指数,662934.0676485985,满仓沪深300指数,632708.6177944848,满仓沪深300指数,598645.602531232,7.5%多IF + 7.5%空IM
1176,2014-11-12,669918.1822025686,满仓沪深300指数,630663.8563899354,满仓沪深300指数,672185.4601299363,满仓沪深300指数,641538.2073950064,满仓沪深300指数,597676.3967537736,7.5%多IF + 7.5%空IM
1177,2014-11-13,666156.3580629191,满仓沪深300指数,627122.4589745497,满仓沪深300指数,672185.4601299363,空仓,641538.2073950064,空仓,600699.4065667726,5%多IF + 5%空IM
1178,2014-11-14,666503.1544536074,满仓沪深300指数,627448.934587459,满仓沪深300指数,672535.3952294437,满仓沪深300指数,641872.1877467969,满仓沪深300指数,602006.1500121398,7.5%多IF + 7.5%空IM
1179,2014-11-17,662890.0680064647,满仓沪深300指数,624047.5594751529,满仓沪深300指数,668889.608250807,满仓沪深300指数,638392.6247667132,满仓沪深300指数,592692.4294791478,7.5%多IF + 7.5%空IM
1180,2014-11-18,656257.5547564033,满仓沪深300指数,628005.015125641,满仓中证1000指数,673131.4339250412,满仓中证1000指数,642441.0509831986,满仓中证1000指数,599959.0058418605,7.5%多IM + 7.5%空IF
1181,2014-11-19,655174.8166579993,满仓沪深300指数,633532.7078381013,满仓中证1000指数,679056.3288418294,满仓中证1000指数,648095.8095124671,满仓中证1000指数,604662.0196033836,7.5%多IM + 7.5%空IF
1182,2014-11-20,655142.7967380848,满仓沪深300指数,632750.9136966999,满仓中证1000指数,679056.3288418294,空仓,647296.0441638513,满仓中证1000指数,604303.7117050026,5%多IM + 5%空IF
1183,2014-11-21,667113.0822829494,满仓沪深300指数,638361.9718710525,满仓中证1000指数,691463.5447919328,满仓沪深300指数,647296.0441638513,空仓,607145.0091909802,5%多IF + 5%空IM
1184,2014-11-24,684105.0725260404,满仓沪深300指数,643706.4651451705,满仓中证1000指数,709075.7639472667,满仓沪深300指数,663783.2760274269,满仓沪深300指数,612335.7137037276,5%多IF + 5%空IM
1185,2014-11-25,693479.4205313735,满仓沪深300指数,652527.2277149787,满仓沪深300指数,718792.287388388,满仓沪深300指数,672879.1527859849,满仓沪深300指数,611373.4859263466,7.5%多IF + 7.5%空IM
1186,2014-11-26,698111.4820030065,满仓中证1000指数,661628.3847426985,满仓沪深300指数,718792.287388388,空仓,672879.1527859849,空仓,611373.4859263466,空仓
1187,2014-11-27,702173.8925591975,满仓中证1000指数,669275.329612186,满仓沪深300指数,727099.9191663222,满仓沪深300指数,680656.1313797659,满仓沪深300指数,613127.7063495117,5%多IF + 5%空IM
1188,2014-11-28,702772.8342282424,满仓中证1000指数,682475.9799621601,满仓沪深300指数,727099.9191663222,空仓,680656.1313797659,空仓,613127.7063495117,空仓
1189,2014-12-01,705523.3075647838,满仓沪深300指数,685147.0165963199,满仓沪深300指数,729945.6024984969,满仓沪深300指数,683320.045591489,满仓沪深300指数,621006.8286800698,7.5%多IF + 7.5%空IM
1190,2014-12-02,731576.3674744891,满仓沪深300指数,710447.6354120926,满仓沪深300指数,756900.5114417044,满仓沪深300指数,708553.1993291675,满仓沪深300指数,633463.2954657119,7.5%多IF + 7.5%空IM
1191,2014-12-03,742487.4374038294,满仓沪深300指数,721043.5816123175,满仓沪深300指数,768189.2774230383,满仓沪深300指数,719120.8910292522,满仓沪深300指数,636399.5666973982,7.5%多IF + 7.5%空IM
1192,2014-12-04,776715.6056368455,满仓沪深300指数,754283.2026098911,满仓沪深300指数,768189.2774230383,空仓,752271.8772925234,满仓沪深300指数,651708.1358422398,7.5%多IF + 7.5%空IM
1193,2014-12-05,781853.2586426256,满仓沪深300指数,759272.4745325543,满仓沪深300指数,773270.5322884206,满仓沪深300指数,757247.8451287394,满仓沪深300指数,665540.1870418042,7.5%多IF + 7.5%空IM
1194,2014-12-08,813878.1458603061,满仓沪深300指数,790372.4476996528,满仓沪深300指数,804943.8690834669,满仓沪深300指数,788264.8890151856,满仓沪深300指数,686339.3163513577,7.5%多IF + 7.5%空IM
1195,2014-12-09,777356.6238018795,满仓沪深300指数,754905.7074635904,满仓沪深300指数,768823.2588667467,满仓沪深300指数,752892.7222129668,满仓沪深300指数,686847.3491840734,7.5%多IF + 7.5%空IM
1196,2014-12-10,806038.0583500244,满仓沪深300指数,782758.7905604372,满仓沪深300指数,794458.6993089993,满仓中证1000指数,752892.7222129668,空仓,688067.3177973521,5%多IF + 5%空IM
1197,2014-12-11,796396.7648404922,满仓沪深300指数,773395.9482370759,满仓沪深300指数,794458.6993089993,空仓,752892.7222129668,空仓,678737.4665788024,5%多IF + 5%空IM
1198,2014-12-12,798952.5808263713,满仓沪深300指数,783192.9347786533,满仓中证1000指数,804522.4980691443,满仓中证1000指数,762429.9843147214,满仓中证1000指数,683552.2266914857,7.5%多IM + 7.5%空IF
1199,2014-12-15,804957.6850336243,满仓沪深300指数,796709.0524082292,满仓中证1000指数,804522.4980691443,空仓,775587.7809376263,满仓中证1000指数,686881.6353968687,5%多IM + 5%空IF
1200,2014-12-16,826518.6137430872,满仓沪深300指数,793970.0507479132,满仓中证1000指数,801756.6346070534,满仓中证1000指数,772921.3919800919,满仓中证1000指数,671311.8842501414,7.5%多IM + 7.5%空IF
1201,2014-12-17,840829.1816460096,满仓沪深300指数,783902.3948417383,满仓中证1000指数,815638.466873603,满仓沪深300指数,786303.9630191884,满仓沪深300指数,681379.6886972566,5%多IF + 5%空IM
1202,2014-12-18,837158.4644332014,满仓沪深300指数,780480.1967583249,满仓沪深300指数,812077.7220455984,满仓沪深300指数,782871.280668769,满仓沪深300指数,679947.3575780446,7.5%多IF + 7.5%空IM
1203,2014-12-19,846475.996230964,满仓沪深300指数,789166.9022743985,满仓沪深300指数,812077.7220455984,空仓,782871.280668769,空仓,689076.4836881997,5%多IF + 5%空IM
1204,2014-12-22,849306.7844898223,满仓沪深300指数,791806.0372424129,满仓沪深300指数,814793.4754645766,满仓沪深300指数,785489.3617949702,满仓沪深300指数,716288.5758614065,7.5%多IF + 7.5%空IM
1205,2014-12-23,831903.4665720733,满仓沪深300指数,775580.978821856,满仓沪深300指数,798097.3767758847,满仓沪深300指数,769393.7396546864,满仓沪深300指数,713813.2187887855,7.5%多IF + 7.5%空IM
1206,2014-12-24,808249.5960396169,满仓沪深300指数,753528.5499071381,满仓沪深300指数,815522.7469450808,满仓中证1000指数,786192.4049673151,满仓中证1000指数,713813.2187887855,空仓
1207,2014-12-25,834529.3391880109,满仓沪深300指数,778029.071582092,满仓沪深300指数,824483.4724591207,满仓中证1000指数,794830.8572588358,满仓中证1000指数,713813.2187887855,空仓
1208,2014-12-26,862156.6716560278,满仓沪深300指数,803785.9465306652,满仓沪深300指数,851778.2336357334,满仓沪深300指数,821143.9601279269,满仓沪深300指数,730553.0696773067,7.5%多IF + 7.5%空IM
1209,2014-12-29,864562.6164940322,满仓沪深300指数,786384.975461033,满仓中证1000指数,854155.2162790435,满仓沪深300指数,823435.454396983,满仓沪深300指数,739480.1997495783,5%多IF + 5%空IM
1210,2014-12-30,865087.7910172198,满仓沪深300指数,786862.6613413275,满仓沪深300指数,854674.0688755813,满仓沪深300指数,823935.6464176516,满仓沪深300指数,750396.7361557744,7.5%多IF + 7.5%空IM
1211,2014-12-31,884140.9425728434,满仓沪深300指数,804192.9412223657,满仓沪深300指数,873497.863100905,满仓沪深300指数,842082.4413513968,满仓沪深300指数,758569.7671502667,7.5%多IF + 7.5%空IM
1212,2015-01-05,515258.20633018325,满仓沪深300指数,515258.20633018325,满仓沪深300指数,515258.20633018325,满仓沪深300指数,515258.20633018325,满仓沪深300指数,510058.32131033647,7.5%多IF + 7.5%空IM
1213,2015-01-06,515190.0059569207,满仓沪深300指数,515190.0059569207,满仓沪深300指数,515190.0059569207,满仓沪深300指数,515190.0059569207,满仓沪深300指数,502255.05472092325,7.5%多IF + 7.5%空IM
1214,2015-01-07,515576.427573892,满仓沪深300指数,515576.427573892,满仓沪深300指数,514720.6719607169,满仓中证1000指数,514720.6719607169,满仓中证1000指数,502255.05472092325,空仓
1215,2015-01-08,503615.75173932174,满仓沪深300指数,503615.75173932174,满仓沪深300指数,514720.6719607169,空仓,514720.6719607169,空仓,496537.4766758753,5%多IF + 5%空IM
1216,2015-01-09,501841.97605629213,满仓沪深300指数,500666.41727372917,满仓中证1000指数,511706.3035405003,满仓中证1000指数,511706.3035405003,满仓中证1000指数,495668.1993703671,7.5%多IM + 7.5%空IF
1217,2015-01-12,497151.8561962585,满仓沪深300指数,495296.2739154942,满仓中证1000指数,506923.9935480208,满仓沪深300指数,511706.3035405003,空仓,496010.2551725508,5%多IF + 5%空IM
1218,2015-01-13,497217.50966761506,满仓沪深300指数,503861.3457835771,满仓中证1000指数,515690.14153873874,满仓中证1000指数,511773.87906038173,满仓沪深300指数,496010.2551725508,空仓
1219,2015-01-14,495573.7674763456,满仓沪深300指数,501587.84429672034,满仓中证1000指数,513363.2666685849,满仓中证1000指数,509464.6749812937,满仓中证1000指数,495561.5114355485,7.5%多IM + 7.5%空IF
1220,2015-01-15,509963.4802565578,满仓沪深300指数,503987.24745430145,满仓中证1000指数,528269.5237065445,满仓沪深300指数,509464.6749812937,空仓,501570.90213904995,5%多IF + 5%空IM
1221,2015-01-16,514353.34868077555,满仓沪深300指数,508325.6712620121,满仓沪深300指数,532816.9742424715,满仓沪深300指数,513850.2495891647,满仓沪深300指数,499722.16968074895,7.5%多IF + 7.5%空IM
1222,2015-01-19,502606.126413268,满仓中证1000指数,469172.7423226182,满仓沪深300指数,520648.06460013957,满仓中证1000指数,502114.51751000114,满仓中证1000指数,520030.06613763404,7.5%多IM + 7.5%空IF
1223,2015-01-20,521309.7050506291,满仓中证1000指数,486632.157995005,满仓中证1000指数,540023.041360036,满仓中证1000指数,520799.8018105091,满仓中证1000指数,529770.1857275929,7.5%多IM + 7.5%空IF
1224,2015-01-21,531930.8262018287,满仓中证1000指数,496546.76164818776,满仓中证1000指数,551025.4264895573,满仓中证1000指数,531410.5342349379,满仓中证1000指数,520005.0990154228,7.5%多IM + 7.5%空IF
1225,2015-01-22,540396.575995185,满仓中证1000指数,504449.36935158103,满仓中证1000指数,553933.270555312,满仓沪深300指数,534214.8675636176,满仓沪深300指数,520005.0990154228,空仓
1226,2015-01-23,534919.9961287677,满仓中证1000指数,499337.0918455104,满仓中证1000指数,548319.5047921313,满仓中证1000指数,528800.9354293294,满仓中证1000指数,515602.37495182623,7.5%多IM + 7.5%空IF
1227,2015-01-26,546482.5239919715,满仓中证1000指数,504405.3521715022,满仓沪深300指数,553884.9355151611,满仓沪深300指数,534168.2531094127,满仓沪深300指数,512646.5666959265,5%多IF + 5%空IM
1228,2015-01-27,550694.2145638797,满仓中证1000指数,499784.3200689084,满仓沪深300指数,558153.6757921429,满仓中证1000指数,538285.0387277332,满仓中证1000指数,519132.1562077481,7.5%多IM + 7.5%空IF
1229,2015-01-28,548428.3556403437,满仓中证1000指数,497727.9324557422,满仓中证1000指数,555857.1245418278,满仓中证1000指数,536070.2379796029,满仓中证1000指数,522933.01397736726,7.5%多IM + 7.5%空IF
1230,2015-01-29,545034.0097930499,满仓中证1000指数,494647.3828757689,满仓中证1000指数,552416.8003810279,满仓中证1000指数,532752.3792886179,满仓中证1000指数,525347.8516692845,7.5%多IM + 7.5%空IF
1231,2015-01-30,538583.444602555,满仓中证1000指数,488793.15152099653,满仓中证1000指数,552416.8003810279,空仓,526447.169171001,满仓中证1000指数,526049.5033904972,7.5%多IM + 7.5%空IF
1232,2015-02-02,537703.6575381337,满仓中证1000指数,487994.6979179466,满仓中证1000指数,551514.4162472137,满仓中证1000指数,526447.169171001,空仓,534644.6862843089,7.5%多IM + 7.5%空IF
1233,2015-02-03,547464.5716998447,满仓中证1000指数,496853.24721544585,满仓中证1000指数,561526.0365895088,满仓中证1000指数,536003.7447250541,满仓中证1000指数,531942.6551053845,7.5%多IM + 7.5%空IF
1234,2015-02-04,547364.9436715096,满仓中证1000指数,496762.82947528374,满仓中证1000指数,555697.997331454,满仓沪深300指数,530440.599540024,满仓沪深300指数,531942.6551053845,空仓
1235,2015-02-05,547426.1519729806,满仓中证1000指数,496818.3792677533,满仓中证1000指数,555760.1374647246,满仓中证1000指数,530499.9153009334,满仓中证1000指数,536071.1679049333,7.5%多IM + 7.5%空IF
1236,2015-02-06,536967.0189207006,满仓中证1000指数,487326.15915212384,满仓中证1000指数,545141.7751487353,满仓中证1000指数,520364.17520456034,满仓中证1000指数,534900.5820607769,7.5%多IM + 7.5%空IF
1237,2015-02-09,532678.1598181746,满仓中证1000指数,483433.79116688017,满仓中证1000指数,545141.7751487353,空仓,525627.0103020202,满仓沪深300指数,530059.4786563338,5%多IM + 5%空IF
1238,2015-02-10,532678.1598181746,空仓,492250.52557411377,满仓沪深300指数,555083.9230366042,满仓沪深300指数,535213.2531997605,满仓沪深300指数,532336.4425747881,7.5%多IF + 7.5%空IM
1239,2015-02-11,532678.1598181746,空仓,496177.7593246138,满仓沪深300指数,555083.9230366042,空仓,535213.2531997605,空仓,530818.4418715495,5%多IF + 5%空IM
1240,2015-02-12,532678.1598181746,空仓,497441.99887859914,满仓沪深300指数,555083.9230366042,空仓,539908.9964501372,满仓中证1000指数,530818.4418715495,空仓
1241,2015-02-13,541580.185348251,满仓中证1000指数,501336.43464295584,满仓沪深300指数,555083.9230366042,空仓,548931.8624748259,满仓中证1000指数,533176.0462884472,5%多IM + 5%空IF
1242,2015-02-16,553455.5651162347,满仓中证1000指数,512329.37846545514,满仓中证1000指数,567255.4030270015,满仓中证1000指数,560968.4445175079,满仓中证1000指数,538526.7661259549,7.5%多IM + 7.5%空IF
1243,2015-02-17,557806.1020278835,满仓中证1000指数,516356.6355975935,满仓中证1000指数,571714.4160440319,满仓中证1000指数,565378.037767566,满仓中证1000指数,539065.6780983963,7.5%多IM + 7.5%空IF
1244,2015-02-25,556583.387570029,满仓中证1000指数,515224.77862891025,满仓中证1000指数,571714.4160440319,空仓,565378.037767566,空仓,543183.1444985796,7.5%多IM + 7.5%空IF
1245,2015-02-26,559809.6596737637,满仓中证1000指数,518211.31284384703,满仓中证1000指数,575028.3961465257,满仓中证1000指数,568655.2886378755,满仓中证1000指数,535289.9037792581,7.5%多IM + 7.5%空IF
1246,2015-02-27,560837.5145347732,满仓沪深300指数,519162.7898463108,满仓沪深300指数,576084.1938127221,满仓沪深300指数,569699.3847740619,满仓沪深300指数,530521.2373839166,7.5%多IF + 7.5%空IM
1247,2015-03-02,574641.8567258791,满仓中证1000指数,523292.73477056634,满仓沪深300指数,590263.814712146,满仓中证1000指数,583721.8512633218,满仓中证1000指数,537149.6188377064,7.5%多IM + 7.5%空IF
1248,2015-03-03,571848.6976124224,满仓中证1000指数,520749.1681054821,满仓中证1000指数,587394.7220170876,满仓中证1000指数,580884.5570608604,满仓中证1000指数,545635.8778216172,7.5%多IM + 7.5%空IF
1249,2015-03-04,581972.9865117876,满仓中证1000指数,529968.7659536831,满仓中证1000指数,597794.2453324209,满仓中证1000指数,591168.8212332164,满仓中证1000指数,550206.9812925246,7.5%多IM + 7.5%空IF
1250,2015-03-05,585104.0512077799,满仓中证1000指数,532820.0434725967,满仓中证1000指数,601010.4297609222,满仓中证1000指数,594349.360310518,满仓中证1000指数,556456.6245864456,7.5%多IM + 7.5%空IF
1251,2015-03-06,576269.5046480759,满仓中证1000指数,524774.938551027,满仓中证1000指数,591935.7111469761,满仓中证1000指数,585375.2178728528,满仓中证1000指数,552282.6962370649,7.5%多IM + 7.5%空IF
1252,2015-03-09,585096.9836961767,满仓中证1000指数,532813.6075030767,满仓中证1000指数,602014.8115032298,满仓沪深300指数,595342.6103715618,满仓沪深300指数,552282.6962370649,空仓
1253,2015-03-10,594179.9140247768,满仓中证1000指数,541084.9009978891,满仓中证1000指数,599098.2877651607,满仓沪深300指数,595342.6103715618,空仓,557907.2557851201,5%多IM + 5%空IF
1254,2015-03-11,594166.6428085442,满仓中证1000指数,541072.8156773458,满仓中证1000指数,599084.9066953302,满仓中证1000指数,595329.3131860998,满仓中证1000指数,557417.5116077553,7.5%多IM + 7.5%空IF
1255,2015-03-12,590093.6358716706,满仓中证1000指数,551540.8805829844,满仓沪深300指数,610675.3239285902,满仓沪深300指数,595329.3131860998,空仓,564720.1993946288,5%多IF + 5%空IM
1256,2015-03-13,600687.050485669,满仓中证1000指数,555349.9476813348,满仓沪深300指数,614892.7869780964,满仓沪深300指数,599440.7931858121,满仓沪深300指数,561601.288446953,5%多IF + 5%空IM
1257,2015-03-16,620634.552290107,满仓中证1000指数,573791.90356254,满仓中证1000指数,635312.0301894565,满仓中证1000指数,619346.9095138734,满仓中证1000指数,565341.0493929506,7.5%多IM + 7.5%空IF
1258,2015-03-17,627692.6405444153,满仓中证1000指数,580317.2796957381,满仓中证1000指数,642537.0362120103,满仓中证1000指数,626390.3542129346,满仓中证1000指数,564275.9379464932,7.5%多IM + 7.5%空IF
1259,2015-03-18,640077.1196544559,满仓中证1000指数,594053.6866144332,满仓沪深300指数,642537.0362120103,空仓,626390.3542129346,空仓,564275.9379464932,空仓
1260,2015-03-19,645234.282871247,满仓中证1000指数,598840.0345830357,满仓中证1000指数,641481.860474608,满仓沪深300指数,626390.3542129346,空仓,567012.4784259177,5%多IM + 5%空IF
1261,2015-03-20,653260.2275756481,满仓中证1000指数,606288.8901877899,满仓中证1000指数,641481.860474608,空仓,634181.9029259258,满仓中证1000指数,566450.6075377266,7.5%多IM + 7.5%空IF
1262,2015-03-23,672233.5121695505,满仓中证1000指数,623897.9396508879,满仓中证1000指数,660113.0542727965,满仓中证1000指数,634181.9029259258,空仓,570114.3367870526,7.5%多IM + 7.5%空IF
1263,2015-03-24,679688.8731038603,满仓中证1000指数,630817.2381417616,满仓中证1000指数,667433.9940771364,满仓中证1000指数,641215.2550256463,满仓中证1000指数,574750.4144498958,7.5%多IM + 7.5%空IF
1264,2015-03-25,689860.5143309665,满仓中证1000指数,640257.5083597376,满仓中证1000指数,677422.239286338,满仓中证1000指数,650811.1330539036,满仓中证1000指数,584742.0159320375,7.5%多IM + 7.5%空IF
1265,2015-03-26,676271.6527158488,满仓中证1000指数,627645.7259799644,满仓中证1000指数,664078.3866183929,满仓中证1000指数,637991.4655400667,满仓中证1000指数,575036.3311220221,7.5%多IM + 7.5%空IF
1266,2015-03-27,684000.9189887327,满仓中证1000指数,634819.2352075869,满仓中证1000指数,667726.2793983268,满仓沪深300指数,641496.0585334543,满仓沪深300指数,575036.3311220221,空仓
1267,2015-03-30,684702.0946676682,满仓中证1000指数,635469.9942868379,满仓中证1000指数,668410.7717934428,满仓中证1000指数,642153.6620861538,满仓中证1000指数,562830.0392302938,7.5%多IM + 7.5%空IF
1268,2015-03-31,689533.0529600224,满仓中证1000指数,639953.5924273288,满仓中证1000指数,662365.5800536774,满仓沪深300指数,636345.9429746148,满仓沪深300指数,562830.0392302938,空仓
1269,2015-04-01,707395.1676741019,满仓中证1000指数,656531.368402757,满仓中证1000指数,679523.9307995735,满仓中证1000指数,652830.2640415422,满仓中证1000指数,566190.8067852479,7.5%多IM + 7.5%空IF
1270,2015-04-02,725444.9640851977,满仓中证1000指数,673283.3312075513,满仓中证1000指数,696862.5686188389,满仓中证1000指数,669487.7899837894,满仓中证1000指数,576935.2232393558,7.5%多IM + 7.5%空IF
1271,2015-04-03,739670.1373283155,满仓中证1000指数,686485.6725322424,满仓中证1000指数,710527.2727053132,满仓中证1000指数,682615.7049437906,满仓中证1000指数,580619.4478341112,7.5%多IM + 7.5%空IF
1272,2015-04-07,753924.6014806331,满仓中证1000指数,699715.1986633575,满仓中证1000指数,724220.1136446606,满仓中证1000指数,695770.6514596471,满仓中证1000指数,579665.728187966,7.5%多IM + 7.5%空IF
1273,2015-04-08,742527.6893252673,满仓中证1000指数,689137.7581112396,满仓中证1000指数,713272.2376897607,满仓中证1000指数,695770.6514596471,空仓,569444.4137782885,7.5%多IM + 7.5%空IF
1274,2015-04-09,735779.5507187088,满仓中证1000指数,682874.8305765459,满仓中证1000指数,707682.5237569232,满仓沪深300指数,690318.0925361143,满仓沪深300指数,569444.4137782885,空仓
1275,2015-04-10,749983.3305761499,满仓沪深300指数,699691.8036958986,满仓中证1000指数,725110.4292033839,满仓中证1000指数,690318.0925361143,空仓,570959.8000454074,5%多IM + 5%空IF
1276,2015-04-13,766638.124075107,满仓中证1000指数,712037.8300883797,满仓沪深300指数,725110.4292033839,空仓,690318.0925361143,空仓,570959.8000454074,空仓
1277,2015-04-14,767924.4480027499,满仓中证1000指数,714793.6496169517,满仓沪深300指数,727916.8439705906,满仓沪深300指数,690318.0925361143,空仓,571585.7007724748,5%多IF + 5%空IM
1278,2015-04-15,737545.9234222509,满仓中证1000指数,705505.4216915076,满仓沪深300指数,718458.0895997426,满仓沪深300指数,690318.0925361143,空仓,579177.7831127609,5%多IF + 5%空IM
1279,2015-04-16,759944.6577327376,满仓沪深300指数,726931.1092225997,满仓沪深300指数,740277.140252879,满仓沪深300指数,711282.5519052242,满仓沪深300指数,587742.3429301485,7.5%多IF + 7.5%空IM
1280,2015-04-17,773850.3162287731,满仓沪深300指数,740232.6775041004,满仓沪深300指数,753822.9175670984,满仓沪深300指数,724297.7789488507,满仓沪深300指数,594610.4780936261,7.5%多IF + 7.5%空IM
1281,2015-04-20,761354.4177350055,满仓沪深300指数,728279.6263702082,满仓沪深300指数,741650.4153885123,满仓沪深300指数,712602.039688688,满仓沪深300指数,597387.8653986307,7.5%多IF + 7.5%空IM
1282,2015-04-21,777727.5350669702,满仓沪深300指数,743941.4620347504,满仓沪深300指数,741650.4153885123,空仓,727926.724927306,满仓沪深300指数,589647.8829317342,7.5%多IF + 7.5%空IM
1283,2015-04-22,798041.3466367327,满仓沪深300指数,763372.8001285035,满仓沪深300指数,762939.8876282657,满仓中证1000指数,748822.2512849583,满仓中证1000指数,589647.8829317342,空仓
1284,2015-04-23,798222.8492382427,满仓沪深300指数,763546.4178861915,满仓沪深300指数,762939.8876282657,空仓,748822.2512849583,空仓,586470.0996210553,5%多IF + 5%空IM
1285,2015-04-24,791782.537540315,满仓沪深300指数,764954.8419292303,满仓中证1000指数,764347.192876457,满仓中证1000指数,750203.5153940767,满仓中证1000指数,590830.3119953049,7.5%多IM + 7.5%空IF
1286,2015-04-27,809453.1122444852,满仓沪深300指数,768807.6070555472,满仓中证1000指数,764347.192876457,空仓,753981.9841131729,满仓中证1000指数,585725.2817107533,5%多IM + 5%空IF
1287,2015-04-28,798385.9995358896,满仓沪深300指数,758296.2132393981,满仓沪深300指数,753896.78332944,满仓沪深300指数,743673.2911546725,满仓沪深300指数,593837.3994010807,7.5%多IF + 7.5%空IM
1288,2015-04-29,803852.1238012218,满仓沪深300指数,763487.864062317,满仓沪深300指数,759058.3135958883,满仓沪深300指数,748764.8266082288,满仓沪深300指数,585150.275131988,7.5%多IF + 7.5%空IM
1289,2015-04-30,799737.1668616033,满仓沪深300指数,759579.5336722927,满仓沪深300指数,764547.3188930689,满仓中证1000指数,754179.3962479775,满仓中证1000指数,585150.275131988,空仓
1290,2015-05-04,806778.914325377,满仓中证1000指数,766267.6900771793,满仓中证1000指数,771279.2170301501,满仓中证1000指数,760820.0040261559,满仓中证1000指数,585516.9063936864,7.5%多IM + 7.5%空IF
1291,2015-05-05,786129.7204573764,满仓中证1000指数,746655.3653048846,满仓中证1000指数,771279.2170301501,空仓,760820.0040261559,空仓,591787.3046682476,7.5%多IM + 7.5%空IF
1292,2015-05-06,783515.4599280711,满仓中证1000指数,744172.3760478763,满仓中证1000指数,768714.3415882417,满仓中证1000指数,758289.9105127414,满仓中证1000指数,594512.3616563426,7.5%多IM + 7.5%空IF
1293,2015-05-07,770358.6885037604,满仓中证1000指数,731676.2526748327,满仓中证1000指数,768714.3415882417,空仓,745556.7258645495,满仓中证1000指数,595176.1605755815,7.5%多IM + 7.5%空IF
1294,2015-05-08,770358.6885037604,空仓,766584.7880771877,满仓中证1000指数,805389.9774443052,满仓中证1000指数,781127.5036015072,满仓中证1000指数,607654.0942159271,7.5%多IM + 7.5%空IF
1295,2015-05-11,807641.0504829368,满仓中证1000指数,803684.5079652494,满仓中证1000指数,844367.7174524039,满仓中证1000指数,818931.0343148753,满仓中证1000指数,616500.2575228412,7.5%多IM + 7.5%空IF
1296,2015-05-12,828620.814189383,满仓中证1000指数,824561.4941728723,满仓中证1000指数,866301.5148775224,满仓中证1000指数,840204.0733481538,满仓中证1000指数,622903.2842529326,7.5%多IM + 7.5%空IF
1297,2015-05-13,835059.2270748141,满仓中证1000指数,830968.3659989277,满仓中证1000指数,873032.7081332849,满仓中证1000指数,846732.4885648638,满仓中证1000指数,629385.5842956254,7.5%多IM + 7.5%空IF
1298,2015-05-14,840592.6481874826,满仓中证1000指数,836474.679504959,满仓中证1000指数,873032.7081332849,空仓,852343.2611628982,满仓中证1000指数,634280.0280536478,7.5%多IM + 7.5%空IF
1299,2015-05-15,841104.7520655248,满仓中证1000指数,836984.2746437963,满仓中证1000指数,873032.7081332849,空仓,852862.5237217676,满仓中证1000指数,643000.4541894309,7.5%多IM + 7.5%空IF
1300,2015-05-18,865424.0628770964,满仓中证1000指数,861184.447891509,满仓中证1000指数,898275.1689868498,满仓中证1000指数,877521.7932633993,满仓中证1000指数,661364.9772515685,7.5%多IM + 7.5%空IF
1301,2015-05-19,887098.87825989,满仓中证1000指数,882753.0807956213,满仓中证1000指数,920772.7505609166,满仓中证1000指数,899499.6000742359,满仓中证1000指数,656866.077450659,7.5%多IM + 7.5%空IF
1302,2015-05-20,909668.1884106258,满仓中证1000指数,905211.8264385812,满仓中证1000指数,925384.5721727628,满仓沪深300指数,904004.8720785849,满仓沪深300指数,656866.077450659,空仓
1303,2015-05-21,943684.4823184221,满仓中证1000指数,939061.4783547899,满仓中证1000指数,959988.5673281476,满仓中证1000指数,937809.3909289504,满仓中证1000指数,666372.074351467,7.5%多IM + 7.5%空IF
1304,2015-05-22,951275.3163759634,满仓中证1000指数,946615.1257714648,满仓中证1000指数,967710.5486134836,满仓中证1000指数,945352.9667718598,满仓中证1000指数,658998.8224815277,7.5%多IM + 7.5%空IF
1305,2015-05-25,965564.7390812795,满仓中证1000指数,960834.5462047901,满仓中证1000指数,996667.5864391555,满仓沪深300指数,973640.9932449056,满仓沪深300指数,658998.8224815277,空仓
1306,2015-05-26,1004811.5405340589,满仓中证1000指数,999889.0819987868,满仓中证1000指数,996667.5864391555,空仓,992623.7177051489,满仓沪深300指数,665967.6813001101,5%多IM + 5%空IF
1307,2015-05-27,1018400.6630606175,满仓中证1000指数,1013411.6329450347,满仓中证1000指数,1010146.5697151362,满仓中证1000指数,1006048.0114941054,满仓中证1000指数,674402.3576768,7.5%多IM + 7.5%空IF
1308,2015-05-28,961149.9987680829,满仓中证1000指数,945460.0652131684,满仓沪深300指数,1010146.5697151362,空仓,949491.7669261533,满仓中证1000指数,678056.2828069327,5%多IM + 5%空IF
1309,2015-05-29,976762.0440808174,满仓中证1000指数,960817.2575332095,满仓中证1000指数,1026554.4707078107,满仓中证1000指数,964914.4465373679,满仓中证1000指数,685598.8983999199,7.5%多IM + 7.5%空IF
1310,2015-06-01,1026544.8392294256,满仓中证1000指数,1009787.3920679066,满仓中证1000指数,1078875.0448269935,满仓中证1000指数,1014093.403192166,满仓中证1000指数,686806.9899126666,7.5%多IM + 7.5%空IF
1311,2015-06-02,1070418.570449993,满仓中证1000指数,1052944.9229778678,满仓中证1000指数,1078875.0448269935,空仓,1014093.403192166,空仓,700126.69508995,7.5%多IM + 7.5%空IF
1312,2015-06-03,1076437.852928652,满仓中证1000指数,1058865.945931729,满仓中证1000指数,1084941.8805800946,满仓中证1000指数,1019795.9524771547,满仓中证1000指数,704939.0072519248,7.5%多IM + 7.5%空IF
1313,2015-06-04,1072842.6287775347,满仓中证1000指数,1055329.4106721669,满仓中证1000指数,1081318.2535950274,满仓中证1000指数,1016389.9081545938,满仓中证1000指数,699285.0783680342,7.5%多IM + 7.5%空IF
1314,2015-06-05,1084621.7677585674,满仓中证1000指数,1066916.2655058932,满仓中证1000指数,1091572.5265020176,满仓沪深300指数,1026028.4576412753,满仓沪深300指数,699285.0783680342,空仓
1315,2015-06-08,1057178.0984406965,满仓中证1000指数,1039920.5901001611,满仓中证1000指数,1091572.5265020176,空仓,1026028.4576412753,空仓,673661.7417836069,7.5%多IM + 7.5%空IF
1316,2015-06-09,1057665.459378804,满仓中证1000指数,1032871.5663008221,满仓沪深300指数,1084173.3839220286,满仓沪深300指数,1019073.6006208793,满仓沪深300指数,671223.2793477621,5%多IF + 5%空IM
1317,2015-06-10,1084326.4345279348,满仓中证1000指数,1031249.844071539,满仓沪深300指数,1084173.3839220286,空仓,1044761.7761213308,满仓中证1000指数,680210.1167561867,5%多IM + 5%空IF
1318,2015-06-11,1107350.1375237803,满仓中证1000指数,1030759.9670249163,满仓沪深300指数,1107193.8371661562,满仓中证1000指数,1066945.3954345516,满仓中证1000指数,691284.7281835189,7.5%多IM + 7.5%空IF
1319,2015-06-12,1125154.3623275654,满仓中证1000指数,1036300.7250513292,满仓沪深300指数,1124995.548937604,满仓中证1000指数,1084099.983698891,满仓中证1000指数,696833.7473693006,7.5%多IM + 7.5%空IF
1320,2015-06-15,1102768.719769751,满仓中证1000指数,1015682.8806113771,满仓中证1000指数,1102613.0660704952,满仓中证1000指数,1062531.1434183333,满仓中证1000指数,697598.1433678681,7.5%多IM + 7.5%空IF
1321,2015-06-16,1057364.9301307853,满仓中证1000指数,973864.6362012471,满仓中证1000指数,1102613.0660704952,空仓,1062531.1434183333,空仓,691723.6562690425,7.5%多IM + 7.5%空IF
1322,2015-06-17,1057364.9301307853,空仓,994933.4884783162,满仓中证1000指数,1118724.956005197,满仓沪深300指数,1078057.3378393366,满仓沪深300指数,689295.0797802273,5%多IF + 5%空IM
1323,2015-06-18,1022643.8445645605,满仓中证1000指数,962262.4873870607,满仓中证1000指数,1081988.9684424894,满仓中证1000指数,1078057.3378393366,空仓,693272.4297982986,7.5%多IM + 7.5%空IF
1324,2015-06-19,1022643.8445645605,空仓,904982.5511289195,满仓沪深300指数,1011366.5390245599,满仓中证1000指数,1007691.5296189116,满仓中证1000指数,691281.1358489253,5%多IM + 5%空IF
1325,2015-06-23,1022643.8445645605,空仓,906532.2347036494,满仓中证1000指数,1043872.7447399346,满仓沪深300指数,1040079.617315609,满仓沪深300指数,701798.4545631103,5%多IF + 5%空IM
1326,2015-06-24,1022643.8445645605,空仓,924343.4754596173,满仓沪深300指数,1064382.4056911902,满仓沪深300指数,1060514.7521737083,满仓沪深300指数,701377.5836881947,7.5%多IF + 7.5%空IM
1327,2015-06-25,1022643.8445645605,空仓,891460.0104927513,满仓沪深300指数,1064382.4056911902,空仓,1060514.7521737083,空仓,703476.3577062885,5%多IF + 5%空IM
1328,2015-06-26,1022643.8445645605,空仓,821317.5637546687,满仓沪深300指数,980633.9645705622,满仓沪深300指数,977070.6283277292,满仓沪深300指数,704539.0418995034,7.5%多IF + 7.5%空IM
1329,2015-06-29,1022643.8445645605,空仓,793920.1817924117,满仓沪深300指数,947922.1311967818,满仓沪深300指数,944477.6601632334,满仓沪深300指数,724060.886884607,7.5%多IF + 7.5%空IM
1330,2015-06-30,1022643.8445645605,空仓,847229.3671482233,满仓沪深300指数,1011572.0518736418,满仓沪深300指数,1007896.2956945694,满仓沪深300指数,736851.5958370989,7.5%多IF + 7.5%空IM
1331,2015-07-01,1022643.8445645605,空仓,805563.6538454891,满仓沪深300指数,961824.1645449771,满仓沪深300指数,958329.177599204,满仓沪深300指数,741111.6391537007,7.5%多IF + 7.5%空IM
1332,2015-07-02,1022643.8445645605,空仓,778094.523469087,满仓沪深300指数,929026.6652425475,满仓沪深300指数,925650.854790921,满仓沪深300指数,760044.8926191198,7.5%多IF + 7.5%空IM
1333,2015-07-03,1022643.8445645605,空仓,736030.5572213107,满仓沪深300指数,878803.2732106679,满仓沪深300指数,875609.9598369837,满仓沪深300指数,765908.9744068776,7.5%多IF + 7.5%空IM
1334,2015-07-06,1022643.8445645605,空仓,757361.9024586006,满仓沪深300指数,831869.1592569139,满仓中证1000指数,900986.5398760053,满仓沪深300指数,797460.0018115134,5%多IF + 5%空IM
1335,2015-07-07,1022643.8445645605,空仓,744001.9802898259,满仓沪深300指数,817194.9233517301,满仓沪深300指数,885093.0680644693,满仓沪深300指数,820854.3581580273,7.5%多IF + 7.5%空IM
1336,2015-07-08,1022643.8445645605,空仓,693815.0252897989,满仓沪深300指数,762070.7087246032,满仓沪深300指数,825388.7565779818,满仓沪深300指数,797120.2208758659,7.5%多IF + 7.5%空IM
1337,2015-07-09,1022643.8445645605,空仓,738248.4317740906,满仓沪深300指数,784071.8657949673,满仓中证1000指数,849217.9202890189,满仓中证1000指数,783102.0964598395,5%多IM + 5%空IF
1338,2015-07-10,1022643.8445645605,空仓,777821.7734258735,满仓沪深300指数,784071.8657949673,空仓,849217.9202890189,空仓,791362.8018382008,5%多IF + 5%空IM
1339,2015-07-13,1022643.8445645605,空仓,797758.1916018791,满仓沪深300指数,784071.8657949673,空仓,849217.9202890189,空仓,782580.155873248,5%多IF + 5%空IM
1340,2015-07-14,998445.3384034423,满仓沪深300指数,824750.000651834,满仓中证1000指数,784071.8657949673,空仓,849217.9202890189,空仓,782580.155873248,空仓
1341,2015-07-15,998445.3384034423,空仓,789840.1696364982,满仓中证1000指数,750883.8496480765,满仓中证1000指数,813272.4167193869,满仓中证1000指数,778488.3438979578,7.5%多IM + 7.5%空IF
1342,2015-07-16,998445.3384034423,空仓,798524.140676655,满仓中证1000指数,756675.6802189776,满仓沪深300指数,819545.4721963872,满仓沪深300指数,777211.1395885079,5%多IF + 5%空IM
1343,2015-07-17,998445.3384034423,空仓,842686.9640070035,满仓中证1000指数,798524.0510842153,满仓中证1000指数,819545.4721963872,空仓,786971.9632282975,7.5%多IM + 7.5%空IF
1344,2015-07-20,1000637.8559826541,满仓沪深300指数,869064.5229502692,满仓中证1000指数,798524.0510842153,空仓,819545.4721963872,空仓,786971.9632282975,空仓
1345,2015-07-21,1023312.6947340288,满仓中证1000指数,888757.8593602594,满仓中证1000指数,816618.9132655467,满仓中证1000指数,838116.687866839,满仓中证1000指数,799581.6226124018,7.5%多IM + 7.5%空IF
1346,2015-07-22,1040190.4761621428,满仓中证1000指数,903416.3903938256,满仓中证1000指数,830087.6365591066,满仓中证1000指数,851939.9799474166,满仓中证1000指数,810745.673554237,7.5%多IM + 7.5%空IF
1347,2015-07-23,1073175.0837418423,满仓中证1000指数,932063.8696787291,满仓中证1000指数,830087.6365591066,空仓,878955.1339639222,满仓中证1000指数,816330.1285018921,7.5%多IM + 7.5%空IF
1348,2015-07-24,1062652.7996012508,满仓中证1000指数,922925.1550155603,满仓中证1000指数,830087.6365591066,空仓,878955.1339639222,空仓,821061.2493120484,7.5%多IM + 7.5%空IF
1349,2015-07-27,988397.6024507779,满仓中证1000指数,858433.7337662803,满仓中证1000指数,759020.6377941321,满仓沪深300指数,817536.214460391,满仓中证1000指数,830751.8176431042,7.5%多IM + 7.5%空IF
1350,2015-07-28,944160.757546937,满仓中证1000指数,820013.567785824,满仓中证1000指数,725049.8165885175,满仓中证1000指数,780946.4628941343,满仓中证1000指数,804112.2404987686,7.5%多IM + 7.5%空IF
1351,2015-07-29,944160.757546937,空仓,845679.842190619,满仓沪深300指数,747743.7429828765,满仓沪深300指数,805389.9440748387,满仓沪深300指数,794233.3720495306,7.5%多IF + 7.5%空IM
1352,2015-07-30,918293.009382528,满仓中证1000指数,822510.2357325614,满仓中证1000指数,747743.7429828765,空仓,805389.9440748387,空仓,795337.3570228841,7.5%多IM + 7.5%空IF
1353,2015-07-31,895279.9230137876,满仓中证1000指数,822787.7895023815,满仓沪深300指数,747996.0670096279,满仓沪深300指数,785206.2901058597,满仓中证1000指数,795337.3570228841,空仓
1354,2015-08-03,895279.9230137876,空仓,825490.2685810925,满仓沪深300指数,750452.8897139052,满仓沪深300指数,787785.3312614979,满仓沪深300指数,829634.9044911857,7.5%多IF + 7.5%空IM
1355,2015-08-04,895279.9230137876,空仓,851126.5360039998,满仓沪深300指数,773758.810693529,满仓沪深300指数,812250.6413841448,满仓沪深300指数,810326.0895810953,7.5%多IF + 7.5%空IM
1356,2015-08-05,895279.9230137876,空仓,833609.7996164385,满仓沪深300指数,771726.4248583112,满仓中证1000指数,810117.1513671251,满仓中证1000指数,817600.3904877999,5%多IM + 5%空IF
1357,2015-08-06,895279.9230137876,空仓,826054.2578413666,满仓沪深300指数,771726.4248583112,空仓,809105.8204313524,满仓中证1000指数,817600.3904877999,空仓
1358,2015-08-07,895279.9230137876,空仓,842242.5302668784,满仓沪深300指数,801476.187160043,满仓中证1000指数,840296.5443192895,满仓中证1000指数,825348.1831183593,5%多IM + 5%空IF
1359,2015-08-10,895279.9230137876,空仓,885545.1920524678,满仓中证1000指数,801476.187160043,空仓,883499.1560975475,满仓中证1000指数,829063.5738174573,7.5%多IM + 7.5%空IF
1360,2015-08-11,891401.1467777733,满仓沪深300指数,892203.2244129278,满仓中证1000指数,801476.187160043,空仓,883499.1560975475,空仓,829063.5738174573,空仓
1361,2015-08-12,878427.0580619909,满仓中证1000指数,879217.4616865912,满仓中证1000指数,801476.187160043,空仓,870640.0785958376,满仓中证1000指数,827741.5603515244,7.5%多IM + 7.5%空IF
1362,2015-08-13,905015.3346897125,满仓中证1000指数,905829.6622930036,满仓中证1000指数,801476.187160043,空仓,883503.4682511789,满仓沪深300指数,834153.8331571202,5%多IM + 5%空IF
1363,2015-08-14,911089.4908358629,满仓中证1000指数,911909.2839299882,满仓中证1000指数,801476.187160043,空仓,889433.2440418432,满仓中证1000指数,838647.94699022,7.5%多IM + 7.5%空IF
1364,2015-08-17,927344.289850447,满仓中证1000指数,928178.7089194215,满仓中证1000指数,801476.187160043,空仓,889433.2440418432,空仓,849200.8113813923,7.5%多IM + 7.5%空IF
1365,2015-08-18,860936.6670849769,满仓中证1000指数,861711.3329561724,满仓中证1000指数,744082.0468445678,满仓中证1000指数,825740.4516325382,满仓中证1000指数,843022.351894329,7.5%多IM + 7.5%空IF
1366,2015-08-19,882984.3322201454,满仓中证1000指数,883778.836453874,满仓中证1000指数,755893.3926053112,满仓沪深300指数,838848.0195737678,满仓沪深300指数,843022.351894329,空仓
1367,2015-08-20,855073.594780614,满仓中证1000指数,855842.9850930045,满仓中证1000指数,755893.3926053112,空仓,838848.0195737678,空仓,843322.1392055241,7.5%多IM + 7.5%空IF
1368,2015-08-21,808389.8449497815,满仓中证1000指数,809117.2294920427,满仓中证1000指数,721345.0760279702,满仓沪深300指数,793050.1241283838,满仓中证1000指数,837698.7189656127,7.5%多IM + 7.5%空IF
1369,2015-08-24,808389.8449497815,空仓,738338.1319140025,满仓沪深300指数,658244.0176613411,满仓沪深300指数,723676.5277272806,满仓沪深300指数,830597.968090192,7.5%多IF + 7.5%空IM
1370,2015-08-25,808389.8449497815,空仓,685906.0550781081,满仓沪深300指数,609912.0539400948,满仓中证1000指数,670540.1425181901,满仓中证1000指数,829596.2816084172,5%多IM + 5%空IF
1371,2015-08-26,808389.8449497815,空仓,682021.2040610481,满仓沪深300指数,606457.6195528717,满仓沪深300指数,666742.3213218971,满仓沪深300指数,852779.1527488364,7.5%多IF + 7.5%空IM
1372,2015-08-27,808389.8449497815,空仓,722582.7174521557,满仓沪深300指数,642525.1768519131,满仓沪深300指数,706395.1611950332,满仓沪深300指数,869641.9148968287,7.5%多IF + 7.5%空IM
1373,2015-08-28,808389.8449497815,空仓,753384.7221206736,满仓沪深300指数,669914.5165344574,满仓沪深300指数,736507.1283476225,满仓沪深300指数,857490.2815366727,7.5%多IF + 7.5%空IM
1374,2015-08-31,808389.8449497815,空仓,758850.8242189701,满仓沪深300指数,669914.5165344574,空仓,736507.1283476225,空仓,877214.9024620518,5%多IF + 5%空IM
1375,2015-09-01,808389.8449497815,空仓,757847.028450622,满仓沪深300指数,669028.3642955845,满仓沪深300指数,735532.8884638423,满仓沪深300指数,918475.0751160381,7.5%多IF + 7.5%空IM
1376,2015-09-02,808389.8449497815,空仓,758692.1130448721,满仓沪深300指数,669774.4060989526,满仓沪深300指数,736353.0902846184,满仓沪深300指数,948067.0778208218,7.5%多IF + 7.5%空IM
1377,2015-09-07,808389.8449497815,空仓,732691.791987544,满仓沪深300指数,646821.2881013706,满仓沪深300指数,711118.325839633,满仓沪深300指数,907593.6911533995,7.5%多IF + 7.5%空IM
1378,2015-09-08,808389.8449497815,空仓,751522.1593716707,满仓沪深300指数,678759.5047916621,满仓中证1000指数,746231.3494844951,满仓中证1000指数,918338.2079788971,5%多IM + 5%空IF
1379,2015-09-09,808389.8449497815,空仓,766237.3968927515,满仓沪深300指数,678759.5047916621,空仓,775999.468814867,满仓中证1000指数,918338.2079788971,空仓
1380,2015-09-10,798462.5965644137,满仓沪深300指数,755285.1825461247,满仓中证1000指数,678759.5047916621,空仓,764907.7202917672,满仓中证1000指数,917413.7964993904,5%多IM + 5%空IF
1381,2015-09-11,795995.7427360896,满仓沪深300指数,765795.0980584769,满仓中证1000指数,676662.4742105037,满仓沪深300指数,762544.5344064978,满仓沪深300指数,909613.6387451631,5%多IF + 5%空IM
1382,2015-09-14,780286.9216231095,满仓沪深300指数,713808.7728322308,满仓中证1000指数,630726.9549810278,满仓中证1000指数,710778.8750732677,满仓中证1000指数,876764.7939622134,7.5%多IM + 7.5%空IF
1383,2015-09-15,749633.2212124146,满仓沪深300指数,685766.6774611977,满仓沪深300指数,605948.7425271773,满仓沪深300指数,682855.8097354245,满仓沪深300指数,884412.6540242417,7.5%多IF + 7.5%空IM
1384,2015-09-16,749633.2212124146,空仓,719925.5486760933,满仓沪深300指数,636131.7854470267,满仓沪深300指数,716869.6870930269,满仓沪深300指数,873541.8612161936,7.5%多IF + 7.5%空IM
1385,2015-09-17,749633.2212124146,空仓,704207.6361414108,满仓沪深300指数,636131.7854470267,空仓,716869.6870930269,空仓,868197.0290668767,5%多IF + 5%空IM
1386,2015-09-18,749633.2212124146,空仓,707313.0691566935,满仓沪深300指数,647055.5723649199,满仓中证1000指数,729179.9219985158,满仓中证1000指数,873737.159929163,5%多IM + 5%空IF
1387,2015-09-21,778570.2489596753,满仓中证1000指数,734616.4721129878,满仓中证1000指数,647055.5723649199,空仓,757327.4200529512,满仓中证1000指数,887549.7245825,7.5%多IM + 7.5%空IF
1388,2015-09-22,781839.2106424966,满仓中证1000指数,737700.8862710107,满仓中证1000指数,649772.3469598178,满仓中证1000指数,760507.1900490575,满仓中证1000指数,884150.6221000826,7.5%多IM + 7.5%空IF
1389,2015-09-23,776207.2416629931,满仓中证1000指数,732386.8671593108,满仓中证1000指数,649772.3469598178,空仓,760507.1900490575,空仓,894467.5740125772,7.5%多IM + 7.5%空IF
1390,2015-09-24,776207.2416629931,空仓,742193.0083780433,满仓中证1000指数,658472.3382895765,满仓中证1000指数,770689.8424666357,满仓中证1000指数,898932.6153463528,7.5%多IM + 7.5%空IF
1391,2015-09-25,747949.1393167105,满仓中证1000指数,715173.2063642042,满仓中证1000指数,658472.3382895765,空仓,770689.8424666357,空仓,885275.4305787986,7.5%多IM + 7.5%空IF
1392,2015-09-28,747949.1393167105,空仓,717563.2750397231,满仓沪深300指数,660672.9158495811,满仓沪深300指数,773265.444620951,满仓沪深300指数,870161.9337082355,7.5%多IF + 7.5%空IM
1393,2015-09-29,736601.4723322921,满仓中证1000指数,706676.61355785,满仓中证1000指数,650649.3783647533,满仓中证1000指数,761533.6860094857,满仓中证1000指数,873120.3686412014,7.5%多IM + 7.5%空IF
1394,2015-09-30,737253.2883749282,满仓中证1000指数,707301.9491985925,满仓中证1000指数,651225.1357028517,满仓中证1000指数,762207.5644799932,满仓中证1000指数,868736.6841599655,7.5%多IM + 7.5%空IF
1395,2015-10-08,768619.9986782998,满仓中证1000指数,727957.0283615559,满仓沪深300指数,670242.6242678057,满仓沪深300指数,784466.032169474,满仓沪深300指数,862941.0237027396,5%多IF + 5%空IM
1396,2015-10-09,780461.6128520535,满仓中证1000指数,739172.175351945,满仓中证1000指数,670242.6242678057,空仓,784466.032169474,空仓,864345.3477496274,7.5%多IM + 7.5%空IF
1397,2015-10-12,813112.7785684825,满仓中证1000指数,770095.9681342619,满仓中证1000指数,670242.6242678057,空仓,784466.032169474,空仓,870586.7824659761,7.5%多IM + 7.5%空IF
1398,2015-10-13,825365.1265310468,满仓中证1000指数,781700.1195076547,满仓中证1000指数,670242.6242678057,空仓,784466.032169474,空仓,880927.5025301322,7.5%多IM + 7.5%空IF
1399,2015-10-14,814266.851691747,满仓中证1000指数,771188.986326305,满仓中证1000指数,661230.2046561348,满仓中证1000指数,773917.7071345851,满仓中证1000指数,879509.7991745977,7.5%多IM + 7.5%空IF
1400,2015-10-15,840383.3039836603,满仓中证1000指数,795923.7772951317,满仓中证1000指数,676897.1973930863,满仓沪深300指数,792254.6841983916,满仓沪深300指数,879509.7991745977,空仓
1401,2015-10-16,853220.4832049706,满仓中证1000指数,808081.8200920392,满仓中证1000指数,676897.1973930863,空仓,792254.6841983916,空仓,880647.1709551999,7.5%多IM + 7.5%空IF
1402,2015-10-19,852492.8382117071,满仓中证1000指数,807392.6703328486,满仓中证1000指数,676897.1973930863,空仓,792254.6841983916,空仓,880062.0657718184,7.5%多IM + 7.5%空IF
1403,2015-10-20,869775.4753526058,满仓中证1000指数,823760.9891340425,满仓中证1000指数,676897.1973930863,空仓,792254.6841983916,空仓,885315.2875404715,7.5%多IM + 7.5%空IF
1404,2015-10-21,814923.3712664237,满仓中证1000指数,771810.7734766065,满仓中证1000指数,676897.1973930863,空仓,742291.4032921345,满仓中证1000指数,862825.777763086,7.5%多IM + 7.5%空IF
1405,2015-10-22,848616.0974218255,满仓中证1000指数,783205.8704088938,满仓沪深300指数,686890.9801213882,满仓沪深300指数,753250.6730810446,满仓沪深300指数,851358.586537328,5%多IF + 5%空IM
1406,2015-10-23,876073.6669458424,满仓中证1000指数,793584.9316601879,满仓沪深300指数,709115.8199510858,满仓中证1000指数,777622.6273580969,满仓中证1000指数,863556.6481534296,7.5%多IM + 7.5%空IF
1407,2015-10-26,883738.3061516447,满仓中证1000指数,800527.8890961093,满仓中证1000指数,715319.7695960965,满仓中证1000指数,784425.932949676,满仓中证1000指数,865954.9527812958,7.5%多IM + 7.5%空IF
1408,2015-10-27,891664.3396188075,满仓中证1000指数,807707.6286142515,满仓中证1000指数,715319.7695960965,空仓,784425.932949676,空仓,871125.1362423132,7.5%多IM + 7.5%空IF
1409,2015-10-28,871238.2261140939,满仓中证1000指数,789204.7829046756,满仓中证1000指数,715319.7695960965,空仓,766456.4208468136,满仓中证1000指数,868516.465680156,7.5%多IM + 7.5%空IF
1410,2015-10-29,879129.9800870942,满仓中证1000指数,796353.4705934355,满仓中证1000指数,717021.680830929,满仓沪深300指数,768279.9980064178,满仓沪深300指数,868516.465680156,空仓
1411,2015-10-30,876618.7042245851,满仓中证1000指数,794078.6496977488,满仓中证1000指数,717021.680830929,空仓,768279.9980064178,空仓,866513.36890472,7.5%多IM + 7.5%空IF
1412,2015-11-02,853379.411068528,满仓中证1000指数,781020.3466839172,满仓沪深300指数,717021.680830929,空仓,768279.9980064178,空仓,866513.36890472,空仓
1413,2015-11-03,851445.6774211974,满仓中证1000指数,779250.5766331708,满仓中证1000指数,714862.011208037,满仓沪深300指数,765965.9383093007,满仓沪深300指数,866513.36890472,空仓
1414,2015-11-04,851445.6774211974,空仓,820501.357787133,满仓中证1000指数,714862.011208037,空仓,765965.9383093007,空仓,869064.5290000952,5%多IM + 5%空IF
1415,2015-11-05,850956.756177028,满仓中证1000指数,820030.2055394558,满仓中证1000指数,714862.011208037,空仓,765965.9383093007,空仓,854781.051040274,7.5%多IM + 7.5%空IF
1416,2015-11-06,872506.8486690961,满仓中证1000指数,839370.3755605469,满仓沪深300指数,731721.8204504142,满仓沪深300指数,784031.0185675592,满仓沪深300指数,854037.4597514049,5%多IF + 5%空IM
1417,2015-11-09,883312.8147659138,满仓沪深300指数,849765.9476237528,满仓沪深300指数,731721.8204504142,空仓,784031.0185675592,空仓,851044.3133026796,5%多IF + 5%空IM
1418,2015-11-10,881675.8928846808,满仓沪深300指数,848191.1935271979,满仓沪深300指数,730365.8212632086,满仓沪深300指数,791635.3502141496,满仓中证1000指数,846128.6043164477,5%多IF + 5%空IM
1419,2015-11-11,881769.6902013354,满仓沪深300指数,848281.4285654982,满仓沪深300指数,744313.2967768658,满仓中证1000指数,806752.8630295229,满仓中证1000指数,846128.6043164477,空仓
1420,2015-11-12,884787.7828905045,满仓中证1000指数,851184.8987191693,满仓中证1000指数,746860.9081819943,满仓中证1000指数,809514.190556351,满仓中证1000指数,854644.1856714239,7.5%多IM + 7.5%空IF
1421,2015-11-13,867300.4937635483,满仓中证1000指数,834361.7500362461,满仓中证1000指数,732099.6593361615,满仓中证1000指数,793514.6379219488,满仓中证1000指数,850264.869929097,7.5%多IM + 7.5%空IF
1422,2015-11-16,889999.1537084781,满仓中证1000指数,856198.3496592281,满仓中证1000指数,735594.5936219287,满仓沪深300指数,797302.7581306731,满仓沪深300指数,850264.869929097,空仓
1423,2015-11-17,882545.5995726436,满仓中证1000指数,849027.8700878649,满仓中证1000指数,729434.1449262841,满仓中证1000指数,790625.5166461001,满仓中证1000指数,845896.6012846483,7.5%多IM + 7.5%空IF
1424,2015-11-18,866767.504026417,满仓中证1000指数,833849.002432593,满仓中证1000指数,721126.0310724116,满仓沪深300指数,781620.444901431,满仓沪深300指数,845896.6012846483,空仓
1425,2015-11-19,893541.1046053688,满仓中证1000指数,847177.1496603015,满仓沪深300指数,732652.4271990809,满仓沪深300指数,794113.776830164,满仓沪深300指数,839592.4992190392,5%多IF + 5%空IM
1426,2015-11-20,911437.6625948942,满仓中证1000指数,864145.0931697303,满仓中证1000指数,747326.5777020125,满仓中证1000指数,810018.9245442121,满仓中证1000指数,852302.222597906,7.5%多IM + 7.5%空IF
1427,2015-11-23,902803.4959898866,满仓中证1000指数,855958.9351783158,满仓中证1000指数,740247.05658385,满仓中证1000指数,802345.5107335384,满仓中证1000指数,849811.4529280175,7.5%多IM + 7.5%空IF
1428,2015-11-24,913117.8203564875,满仓中证1000指数,865738.0711045002,满仓中证1000指数,740356.2396862394,满仓沪深300指数,802463.8530778558,满仓沪深300指数,849811.4529280175,空仓
1429,2015-11-25,933782.5412498425,满仓中证1000指数,885330.5434090507,满仓中证1000指数,740356.2396862394,空仓,820624.3699149777,满仓中证1000指数,859529.312790014,7.5%多IM + 7.5%空IF
1430,2015-11-26,927193.4793045501,满仓中证1000指数,879083.373929127,满仓中证1000指数,735132.0542797025,满仓中证1000指数,814833.7874524388,满仓中证1000指数,858761.195868858,7.5%多IM + 7.5%空IF
1431,2015-11-27,867189.3527492916,满仓中证1000指数,822192.7343816707,满仓中证1000指数,735132.0542797025,空仓,814833.7874524388,空仓,851761.262429106,7.5%多IM + 7.5%空IF
1432,2015-11-30,867189.3527492916,空仓,824370.1051062549,满仓沪深300指数,737078.8666836042,满仓沪深300指数,816991.6698564171,满仓沪深300指数,849099.7419113938,7.5%多IF + 7.5%空IM
1433,2015-12-01,867189.3527492916,空仓,830214.4124085587,满仓沪深300指数,742304.3295870381,满仓沪深300指数,816991.6698564171,空仓,854061.535035223,5%多IF + 5%空IM
1434,2015-12-02,867189.3527492916,空仓,860323.4428049843,满仓沪深300指数,769225.1626741128,满仓沪深300指数,846621.1567138772,满仓沪深300指数,885859.190686957,7.5%多IF + 7.5%空IM
1435,2015-12-03,873560.3133995566,满仓沪深300指数,866643.9618280028,满仓沪深300指数,774876.4119970588,满仓沪深300指数,852841.0094576936,满仓沪深300指数,871743.5449939804,7.5%多IF + 7.5%空IM
1436,2015-12-04,873560.3133995566,空仓,850069.1727254475,满仓沪深300指数,773241.2389349312,满仓中证1000指数,851041.3125984889,满仓中证1000指数,879159.9121195339,5%多IM + 5%空IF
1437,2015-12-07,873560.3133995566,空仓,852384.1460310149,满仓沪深300指数,785240.4156696072,满仓中证1000指数,864247.7928069757,满仓中证1000指数,884784.2270717362,5%多IM + 5%空IF
1438,2015-12-08,873560.3133995566,空仓,837454.9478818194,满仓沪深300指数,771413.1001884767,满仓中证1000指数,849029.2347112078,满仓中证1000指数,884742.4716554305,5%多IM + 5%空IF
1439,2015-12-09,873560.3133995566,空仓,835494.5877252326,满仓中证1000指数,774163.5994620483,满仓沪深300指数,852056.4769148256,满仓沪深300指数,887355.2878130684,5%多IF + 5%空IM
1440,2015-12-10,873560.3133995566,空仓,835599.1016320757,满仓中证1000指数,771426.7270621033,满仓沪深300指数,849044.2326598866,满仓沪深300指数,885731.2697452776,5%多IF + 5%空IM
1441,2015-12-11,873560.3133995566,空仓,832133.74073829,满仓沪深300指数,771426.7270621033,空仓,841486.689638656,满仓中证1000指数,885731.2697452776,空仓
1442,2015-12-14,898561.769365523,满仓沪深300指数,855949.560616714,满仓沪深300指数,793505.101104253,满仓沪深300指数,865570.1926255014,满仓沪深300指数,893203.6151120277,7.5%多IF + 7.5%空IM
1443,2015-12-15,894461.9376285971,满仓沪深300指数,852044.1538951459,满仓沪深300指数,793505.101104253,空仓,861620.8902322238,满仓沪深300指数,879583.2532833234,7.5%多IF + 7.5%空IM
1444,2015-12-16,902795.2394106487,满仓中证1000指数,859982.268159533,满仓中证1000指数,800897.8331981754,满仓中证1000指数,869648.2266654107,满仓中证1000指数,887327.1881749467,7.5%多IM + 7.5%空IF
1445,2015-12-17,929401.0126733829,满仓中证1000指数,876421.0901481551,满仓沪深300指数,824500.6450280164,满仓中证1000指数,895277.1428658364,满仓中证1000指数,894218.4840871851,7.5%多IM + 7.5%空IF
1446,2015-12-18,925050.556417492,满仓中证1000指数,872318.6289258865,满仓中证1000指数,820641.2195053021,满仓中证1000指数,891086.4178786391,满仓中证1000指数,888931.9865733462,7.5%多IM + 7.5%空IF
1447,2015-12-21,931110.8207115429,满仓中证1000指数,895018.931509101,满仓沪深300指数,841996.723534795,满仓沪深300指数,914275.1136635097,满仓沪深300指数,897586.4814057748,5%多IF + 5%空IM
1448,2015-12-22,933704.1540091829,满仓沪深300指数,897511.7415436005,满仓沪深300指数,844341.855919765,满仓沪深300指数,916821.5560876837,满仓沪深300指数,892563.6912721664,7.5%多IF + 7.5%空IM
1449,2015-12-23,918925.9931903139,满仓中证1000指数,895115.3332828056,满仓沪深300指数,844341.855919765,空仓,902310.6038338114,满仓中证1000指数,886691.7836216931,5%多IM + 5%空IF
1450,2015-12-24,910137.1168297501,满仓沪深300指数,886554.1890220424,满仓沪深300指数,836266.3240132572,满仓沪深300指数,893680.6419057689,满仓沪深300指数,880642.0306819236,7.5%多IF + 7.5%空IM
1451,2015-12-25,918165.9528575205,满仓中证1000指数,888591.2205457531,满仓沪深300指数,843643.5038545062,满仓中证1000指数,901564.3060288709,满仓中证1000指数,884950.9276439924,7.5%多IM + 7.5%空IF
1452,2015-12-28,900051.6883429114,满仓中证1000指数,871060.428465922,满仓中证1000指数,843643.5038545062,空仓,883777.5712174666,满仓中证1000指数,890976.688724704,7.5%多IM + 7.5%空IF
1453,2015-12-29,911893.4113367641,满仓中证1000指数,879062.1942911489,满仓沪深300指数,854743.0804761571,满仓中证1000指数,895405.1803004574,满仓中证1000指数,893629.8921318579,7.5%多IM + 7.5%空IF
1454,2015-12-30,924988.9065264603,满仓中证1000指数,879833.4907777003,满仓沪深300指数,854743.0804761571,空仓,908263.8917306283,满仓中证1000指数,899654.4614379101,5%多IM + 5%空IF
1455,2015-12-31,908526.99973766,满仓中证1000指数,864175.2090268014,满仓中证1000指数,839531.3294812083,满仓中证1000指数,892099.6378462766,满仓中证1000指数,893769.7349743611,7.5%多IM + 7.5%空IF
1456,2016-01-04,500000.0,空仓,464897.0557447971,满仓沪深300指数,464897.0557447971,满仓沪深300指数,464897.0557447971,满仓沪深300指数,506159.69860205735,7.5%多IF + 7.5%空IM
1457,2016-01-05,500000.0,空仓,453254.2592514208,满仓中证1000指数,466198.7828640366,满仓沪深300指数,466198.7828640366,满仓沪深300指数,513206.41581541114,5%多IF + 5%空IM
1458,2016-01-06,500000.0,空仓,465603.54336569505,满仓中证1000指数,474377.34398994455,满仓沪深300指数,474377.34398994455,满仓沪深300指数,510716.6607392266,5%多IF + 5%空IM
1459,2016-01-07,500000.0,空仓,433322.0136183925,满仓沪深300指数,474377.34398994455,空仓,432698.7923832693,满仓中证1000指数,510716.6607392266,空仓
1460,2016-01-08,500000.0,空仓,442158.3455193207,满仓沪深300指数,484050.87897325476,满仓沪深300指数,441522.4155144877,满仓沪深300指数,517672.9282826962,7.5%多IF + 7.5%空IM
1461,2016-01-11,500000.0,空仓,419914.27260309155,满仓沪深300指数,459699.27924397774,满仓沪深300指数,419310.3349230456,满仓沪深300指数,527496.4491263363,7.5%多IF + 7.5%空IM
1462,2016-01-12,500000.0,空仓,422973.7430056648,满仓沪深300指数,463048.62083747145,满仓沪深300指数,422365.4050716202,满仓沪深300指数,531206.431297257,7.5%多IF + 7.5%空IM
1463,2016-01-13,500000.0,空仓,415103.9327928342,满仓沪深300指数,443151.40647831804,满仓中证1000指数,414506.9135379402,满仓沪深300指数,537677.6213635699,5%多IF + 5%空IM
1464,2016-01-14,500000.0,空仓,423744.72691644216,满仓沪深300指数,452376.03618298884,满仓沪深300指数,423135.2801221734,满仓沪深300指数,529521.0983584088,7.5%多IF + 7.5%空IM
1465,2016-01-15,500000.0,空仓,410217.64551007265,满仓沪深300指数,436318.35442203516,满仓中证1000指数,408115.5374157198,满仓中证1000指数,528574.9498982463,5%多IM + 5%空IF
1466,2016-01-18,500000.0,空仓,420264.92752456345,满仓中证1000指数,437997.01737239404,满仓沪深300指数,409685.69467631244,满仓沪深300指数,523118.6744508721,5%多IF + 5%空IM
1467,2016-01-19,500000.0,空仓,437339.8107337651,满仓中证1000指数,455792.33510605193,满仓中证1000指数,426330.7557578604,满仓中证1000指数,527479.9839033744,7.5%多IM + 7.5%空IF
1468,2016-01-20,500000.0,空仓,433847.12275678,满仓中证1000指数,455792.33510605193,空仓,422925.9884160623,满仓中证1000指数,530303.8205192726,7.5%多IM + 7.5%空IF
1469,2016-01-21,500000.0,空仓,414200.8271805569,满仓中证1000指数,455792.33510605193,空仓,403774.24454257265,满仓中证1000指数,523949.5073000867,7.5%多IM + 7.5%空IF
1470,2016-01-22,500000.0,空仓,420963.8780399588,满仓中证1000指数,460543.1084484588,满仓沪深300指数,407982.8276396908,满仓沪深300指数,522402.58782827645,5%多IF + 5%空IM
1471,2016-01-25,500000.0,空仓,423049.2392954824,满仓沪深300指数,460543.1084484588,空仓,407982.8276396908,空仓,520260.3830235861,5%多IF + 5%空IM
1472,2016-01-26,500000.0,空仓,397579.16525782656,满仓沪深300指数,460543.1084484588,空仓,376315.75899125484,满仓中证1000指数,520260.3830235861,空仓
1473,2016-01-27,500000.0,空仓,396205.91551212524,满仓沪深300指数,458952.37945200544,满仓沪深300指数,375015.95365562313,满仓沪深300指数,522987.46136604913,7.5%多IF + 7.5%空IM
1474,2016-01-28,500000.0,空仓,385849.5929684771,满仓沪深300指数,446955.9435390381,满仓沪深300指数,365213.50996910885,满仓沪深300指数,531953.2030756345,7.5%多IF + 7.5%空IM
1475,2016-01-29,500000.0,空仓,398333.85364819155,满仓沪深300指数,461417.31556890305,满仓沪深300指数,377030.08499029937,满仓沪深300指数,528857.0751154855,7.5%多IF + 7.5%空IM
1476,2016-02-01,500000.0,空仓,392243.7642806126,满仓沪深300指数,461417.31556890305,空仓,377030.08499029937,空仓,528149.0887840888,5%多IF + 5%空IM
1477,2016-02-02,500000.0,空仓,400394.8910523031,满仓沪深300指数,479351.8613474881,满仓中证1000指数,391684.6354178778,满仓中证1000指数,532925.5678799332,5%多IM + 5%空IF
1478,2016-02-03,500000.0,空仓,403269.5810552384,满仓中证1000指数,482793.4337413878,满仓中证1000指数,394496.7889465602,满仓中证1000指数,537508.6973663648,7.5%多IM + 7.5%空IF
1479,2016-02-04,500000.0,空仓,412620.9618937111,满仓中证1000指数,493988.8858094952,满仓中证1000指数,403644.7383240972,满仓中证1000指数,541918.4640698094,7.5%多IM + 7.5%空IF
1480,2016-02-05,500000.0,空仓,407933.56520430866,满仓中证1000指数,493988.8858094952,空仓,399059.31202526926,满仓中证1000指数,540156.8647483295,7.5%多IM + 7.5%空IF
1481,2016-02-15,500000.0,空仓,408338.4858821021,满仓中证1000指数,491141.6142258575,满仓沪深300指数,396759.1990633074,满仓沪深300指数,538332.0928903065,5%多IF + 5%空IM
1482,2016-02-16,500000.0,空仓,426477.872076686,满仓中证1000指数,512959.3162664299,满仓中证1000指数,414384.2052454116,满仓中证1000指数,543891.0333387525,7.5%多IM + 7.5%空IF
1483,2016-02-17,508213.07728476706,满仓中证1000指数,433483.2635239037,满仓中证1000指数,512959.3162664299,空仓,421190.94425194623,满仓中证1000指数,547061.1556313449,7.5%多IM + 7.5%空IF
1484,2016-02-18,506601.66414070316,满仓中证1000指数,432108.7994264701,满仓中证1000指数,512959.3162664299,空仓,419855.4559418964,满仓中证1000指数,547048.8867954471,7.5%多IM + 7.5%空IF
1485,2016-02-19,510512.4122661881,满仓中证1000指数,435444.4945040395,满仓中证1000指数,512959.3162664299,空仓,419855.4559418964,空仓,550500.0884708372,7.5%多IM + 7.5%空IF
1486,2016-02-22,520958.817494922,满仓中证1000指数,444354.8158496419,满仓中证1000指数,523455.79148392053,满仓中证1000指数,428446.78521202,满仓中证1000指数,549845.3553171294,7.5%多IM + 7.5%空IF
1487,2016-02-23,517829.9674329343,满仓中证1000指数,441686.0452166749,满仓中证1000指数,523455.79148392053,空仓,428446.78521202,空仓,551269.7276801182,7.5%多IM + 7.5%空IF
1488,2016-02-24,518282.7349395429,满仓中证1000指数,442072.2358622027,满仓中证1000指数,523913.4779610183,满仓中证1000指数,428446.78521202,空仓,548930.2297500396,7.5%多IM + 7.5%空IF
1489,2016-02-25,477260.13877203554,满仓中证1000指数,407081.7768210432,满仓中证1000指数,523913.4779610183,空仓,428446.78521202,空仓,541604.8688193122,7.5%多IM + 7.5%空IF
1490,2016-02-26,477260.13877203554,空仓,411165.5652776873,满仓沪深300指数,529169.3059921463,满仓沪深300指数,432744.9044975321,满仓沪深300指数,547566.1400150976,7.5%多IF + 7.5%空IM
1491,2016-02-29,477260.13877203554,空仓,401323.9147370672,满仓沪深300指数,516503.1203331407,满仓沪深300指数,422386.7313357733,满仓沪深300指数,563616.0515750084,7.5%多IF + 7.5%空IM
1492,2016-03-01,477260.13877203554,空仓,408747.56585506845,满仓沪深300指数,526057.3453018281,满仓沪深300指数,430200.00040637946,满仓沪深300指数,561937.4462305227,7.5%多IF + 7.5%空IM
1493,2016-03-02,477260.13877203554,空仓,425573.2401304762,满仓沪深300指数,526057.3453018281,空仓,430200.00040637946,空仓,559472.1735032294,5%多IF + 5%空IM
1494,2016-03-03,477260.13877203554,空仓,426561.97984212183,满仓沪深300指数,526057.3453018281,空仓,430200.00040637946,空仓,559568.0520938187,5%多IF + 5%空IM
1495,2016-03-04,482794.7812286277,满仓沪深300指数,431508.6909797346,满仓沪深300指数,526057.3453018281,空仓,430200.00040637946,空仓,573977.6578366208,5%多IF + 5%空IM
1496,2016-03-07,484503.53631293494,满仓沪深300指数,433035.9292563331,满仓沪深300指数,527919.2195357089,满仓沪深300指数,431722.6068357461,满仓沪深300指数,564961.6233604435,7.5%多IF + 7.5%空IM
1497,2016-03-08,484503.53631293494,空仓,433431.0513579937,满仓沪深300指数,532798.8990576124,满仓中证1000指数,435713.118803793,满仓中证1000指数,567314.9102597515,5%多IM + 5%空IF
1498,2016-03-09,478927.4638620917,满仓沪深300指数,428442.7638354517,满仓沪深300指数,520954.7541271885,满仓中证1000指数,426027.1953975566,满仓中证1000指数,567314.9102597515,空仓
1499,2016-03-10,478927.4638620917,空仓,420247.25082722446,满仓沪深300指数,510989.6156663907,满仓沪深300指数,417877.88884728844,满仓沪深300指数,566180.5784558819,7.5%多IF + 7.5%空IM
1500,2016-03-11,479744.23968496284,满仓沪深300指数,418701.6437085371,满仓中证1000指数,509110.27157551405,满仓中证1000指数,416340.99589088466,满仓中证1000指数,563894.6475207213,7.5%多IM + 7.5%空IF
1501,2016-03-14,487279.23387785774,满仓沪深300指数,425277.8861996843,满仓沪深300指数,517106.4966940976,满仓沪深300指数,422880.1614019952,满仓沪深300指数,553817.0613473726,7.5%多IF + 7.5%空IM
1502,2016-03-15,488723.92588347016,满仓沪深300指数,421475.44369903614,满仓中证1000指数,512483.007478701,满仓中证1000指数,419099.1571443676,满仓中证1000指数,548871.7972491874,7.5%多IM + 7.5%空IF
1503,2016-03-16,491148.36104828183,满仓沪深300指数,416599.6326488975,满仓中证1000指数,515025.3054078515,满仓沪深300指数,421178.20152977796,满仓沪深300指数,553407.9976906502,5%多IF + 5%空IM
1504,2016-03-17,496579.72079314187,满仓沪深300指数,421206.59594948404,满仓沪深300指数,520720.70812772634,满仓沪深300指数,425835.79689326225,满仓沪深300指数,541601.9149841698,7.5%多IF + 7.5%空IM
1505,2016-03-18,504170.8388195075,满仓沪深300指数,438386.9409254601,满仓中证1000指数,541960.0749557847,满仓中证1000指数,443204.9595894308,满仓中证1000指数,551960.7007449683,7.5%多IM + 7.5%空IF
1506,2016-03-21,518415.3453564869,满仓中证1000指数,450772.83309717034,满仓中证1000指数,557272.25336056,满仓中证1000指数,455726.9768462708,满仓中证1000指数,553545.6477419492,7.5%多IM + 7.5%空IF
1507,2016-03-22,517495.95567927964,满仓中证1000指数,449973.4048139855,满仓中证1000指数,557272.25336056,空仓,455726.9768462708,空仓,555830.5878099299,7.5%多IM + 7.5%空IF
1508,2016-03-23,523562.24764437263,满仓中证1000指数,455248.17077142297,满仓中证1000指数,563804.8187957682,满仓中证1000指数,461069.18844730605,满仓中证1000指数,559385.9837061055,7.5%多IM + 7.5%空IF
1509,2016-03-24,515530.76631506777,满仓中证1000指数,448264.63213738,满仓中证1000指数,563804.8187957682,空仓,453996.3549968553,满仓中证1000指数,559982.3217428304,7.5%多IM + 7.5%空IF
1510,2016-03-25,519490.3596906183,满仓中证1000指数,451707.5802287069,满仓中证1000指数,566633.933467257,满仓沪深300指数,453996.3549968553,空仓,560727.8591870299,5%多IM + 5%空IF
1511,2016-03-28,516721.8111157824,满仓中证1000指数,447739.9254395875,满仓沪深300指数,566633.933467257,空仓,453996.3549968553,空仓,560727.8591870299,空仓
1512,2016-03-29,505527.7321583447,满仓中证1000指数,442892.2662155466,满仓沪深300指数,554358.5759059042,满仓中证1000指数,444161.13818406046,满仓中证1000指数,556170.5320698809,7.5%多IM + 7.5%空IF
1513,2016-03-30,525432.9937503533,满仓中证1000指数,454314.9212552971,满仓沪深300指数,568656.0637238981,满仓沪深300指数,455616.5187597744,满仓沪深300指数,552392.9758160171,5%多IF + 5%空IM
1514,2016-03-31,525961.9830919141,满仓中证1000指数,454570.96004223404,满仓沪深300指数,569228.5686870462,满仓中证1000指数,456075.21907956706,满仓中证1000指数,552576.59010357,7.5%多IM + 7.5%空IF
1515,2016-04-01,522357.30533888645,满仓中证1000指数,451455.560299454,满仓中证1000指数,569228.5686870462,空仓,456075.21907956706,空仓,549246.0185235746,7.5%多IM + 7.5%空IF
1516,2016-04-05,537698.1145472792,满仓中证1000指数,464714.09721630416,满仓中证1000指数,576753.3376425534,满仓沪深300指数,462104.18677144137,满仓沪深300指数,549246.0185235746,空仓
1517,2016-04-06,541157.7464339769,满仓中证1000指数,467704.1387757415,满仓中证1000指数,580464.2568064556,满仓中证1000指数,465077.4357680034,满仓中证1000指数,552774.5000934832,7.5%多IM + 7.5%空IF
1518,2016-04-07,532333.7648762708,满仓中证1000指数,460077.8731956673,满仓中证1000指数,580464.2568064556,空仓,457494.0005438662,满仓中证1000指数,552153.5538910476,7.5%多IM + 7.5%空IF
1519,2016-04-08,528265.4696018413,满仓中证1000指数,456561.784679609,满仓中证1000指数,576202.1642312531,满仓沪深300指数,457494.0005438662,空仓,552070.7809008531,5%多IM + 5%空IF
1520,2016-04-11,540297.1969987451,满仓中证1000指数,466960.39531991695,满仓中证1000指数,584227.3471916713,满仓沪深300指数,457494.0005438662,空仓,554513.1945332768,5%多IM + 5%空IF
1521,2016-04-12,535998.7274147805,满仓中证1000指数,463245.3750174825,满仓中证1000指数,579579.3803023861,满仓中证1000指数,453854.292514456,满仓中证1000指数,552703.9769737343,7.5%多IM + 7.5%空IF
1522,2016-04-13,543561.8341914804,满仓中证1000指数,469424.96483172616,满仓沪深300指数,587310.839758246,满仓沪深300指数,459908.6073860664,满仓沪深300指数,552491.0392723604,5%多IF + 5%空IM
1523,2016-04-14,550235.220471186,满仓中证1000指数,471504.67184831476,满仓沪深300指数,587310.839758246,空仓,459908.6073860664,空仓,552491.0392723604,空仓
1524,2016-04-15,550489.036727682,满仓中证1000指数,471722.1707402003,满仓中证1000指数,587310.839758246,空仓,460120.7571662224,满仓中证1000指数,553140.9449952721,7.5%多IM + 7.5%空IF
1525,2016-04-18,542690.7184186156,满仓中证1000指数,465039.6768203521,满仓中证1000指数,579457.9885562536,满仓沪深300指数,460120.7571662224,空仓,552920.9873122253,5%多IM + 5%空IF
1526,2016-04-19,545097.5209216749,满仓中证1000指数,466458.482566282,满仓沪深300指数,581225.8771143006,满仓沪深300指数,460120.7571662224,空仓,552538.3636784161,5%多IF + 5%空IM
1527,2016-04-20,517557.5978375395,满仓中证1000指数,442891.6339955952,满仓中证1000指数,581225.8771143006,空仓,460120.7571662224,空仓,538931.1124853967,7.5%多IM + 7.5%空IF
1528,2016-04-21,517557.5978375395,空仓,440048.1429355225,满仓沪深300指数,577494.2406176991,满仓沪深300指数,457166.6502038653,满仓沪深300指数,541864.4743760742,7.5%多IF + 7.5%空IM
1529,2016-04-22,517557.5978375395,空仓,442038.8275440203,满仓沪深300指数,580106.7022647926,满仓沪深300指数,459234.77531401423,满仓沪深300指数,539543.3808321413,7.5%多IF + 7.5%空IM
1530,2016-04-25,517557.5978375395,空仓,440247.2127886638,满仓沪深300指数,580106.7022647926,空仓,456465.4131158475,满仓中证1000指数,539543.3808321413,空仓
1531,2016-04-26,517557.5978375395,空仓,442631.8463057249,满仓沪深300指数,583248.8956632013,满仓沪深300指数,456465.4131158475,空仓,537369.0843176238,5%多IF + 5%空IM
1532,2016-04-27,517557.5978375395,空仓,440787.7700028346,满仓沪深300指数,581853.3353821508,满仓中证1000指数,455373.2121619247,满仓中证1000指数,537845.5768282302,5%多IM + 5%空IF
1533,2016-04-28,517557.5978375395,空仓,439733.86698365473,满仓中证1000指数,581853.3353821508,空仓,455373.2121619247,空仓,537655.741100977,5%多IM + 5%空IF
1534,2016-04-29,517557.5978375395,空仓,439200.18940337957,满仓沪深300指数,581147.1762631552,满仓沪深300指数,455373.2121619247,空仓,537713.3974822232,5%多IF + 5%空IM
1535,2016-05-03,517557.5978375395,空仓,453336.46107654215,满仓中证1000指数,581147.1762631552,空仓,455373.2121619247,空仓,541529.7888887161,5%多IM + 5%空IF
1536,2016-05-04,517557.5978375395,空仓,453682.65896566235,满仓中证1000指数,581590.978919603,满仓中证1000指数,455720.96544971,满仓中证1000指数,542355.3912087056,7.5%多IM + 7.5%空IF
1537,2016-05-05,517557.5978375395,空仓,457052.85375639406,满仓中证1000指数,581590.978919603,空仓,455720.96544971,空仓,543993.1296095805,5%多IM + 5%空IF
1538,2016-05-06,496401.97324974206,满仓中证1000指数,438370.4140989496,满仓中证1000指数,581590.978919603,空仓,437092.9679048474,满仓中证1000指数,537924.3001860727,7.5%多IM + 7.5%空IF
1539,2016-05-09,474935.80476425233,满仓中证1000指数,419413.73448203015,满仓中证1000指数,569563.0697524251,满仓沪深300指数,428053.428596074,满仓沪深300指数,537924.3001860727,空仓
1540,2016-05-10,474935.80476425233,空仓,419892.16691340547,满仓沪深300指数,570212.7801025636,满仓沪深300指数,428541.7164745209,满仓沪深300指数,539377.3547816696,7.5%多IF + 7.5%空IM
1541,2016-05-11,474935.80476425233,空仓,421765.9748249304,满仓沪深300指数,570212.7801025636,空仓,430454.1238067445,满仓沪深300指数,543130.8009930376,5%多IF + 5%空IM
1542,2016-05-12,474935.80476425233,空仓,422768.6170658734,满仓沪深300指数,571568.3171865914,满仓沪深300指数,431477.4199308471,满仓沪深300指数,544206.8160121916,7.5%多IF + 7.5%空IM
1543,2016-05-13,474935.80476425233,空仓,420688.7835900338,满仓沪深300指数,571568.3171865914,空仓,429354.7430200839,满仓沪深300指数,543388.4432231984,5%多IF + 5%空IM
1544,2016-05-16,474935.80476425233,空仓,423476.11424413224,满仓沪深300指数,582856.9527532277,满仓中证1000指数,429354.7430200839,空仓,543388.4432231984,空仓
1545,2016-05-17,474935.80476425233,空仓,422206.0040582826,满仓沪深300指数,582882.9871862084,满仓中证1000指数,429373.92098000913,满仓中证1000指数,544215.457512465,5%多IM + 5%空IF
1546,2016-05-18,474935.80476425233,空仓,419744.87484717194,满仓沪深300指数,582882.9871862084,空仓,429373.92098000913,空仓,551158.2990760282,5%多IF + 5%空IM
1547,2016-05-19,474935.80476425233,空仓,418987.5369669542,满仓沪深300指数,581831.3022404629,满仓沪深300指数,428599.20959072973,满仓沪深300指数,547445.0695605443,7.5%多IF + 7.5%空IM
1548,2016-05-20,474935.80476425233,空仓,421137.9655627794,满仓沪深300指数,588783.6680139955,满仓中证1000指数,433720.58835438074,满仓中证1000指数,549310.9454043584,5%多IM + 5%空IF
1549,2016-05-23,474935.80476425233,空仓,422369.8504065282,满仓沪深300指数,598930.163174331,满仓中证1000指数,441194.88509484497,满仓中证1000指数,553240.6727609463,5%多IM + 5%空IF
1550,2016-05-24,470070.611969397,满仓中证1000指数,419131.9286135295,满仓沪深300指数,592794.7851184614,满仓中证1000指数,436675.3307581153,满仓中证1000指数,552171.0591557935,7.5%多IM + 7.5%空IF
1551,2016-05-25,468648.2544338689,满仓中证1000指数,417863.70328341104,满仓中证1000指数,591956.9927241835,满仓沪深300指数,436058.1808100015,满仓沪深300指数,552171.0591557935,空仓
1552,2016-05-26,471008.66524339694,满仓中证1000指数,419968.33077920973,满仓中证1000指数,592921.6236787424,满仓沪深300指数,436058.1808100015,空仓,553111.7029122359,5%多IM + 5%空IF
1553,2016-05-27,470022.39716446126,满仓中证1000指数,419733.71842217346,满仓沪深300指数,592921.6236787424,空仓,436058.1808100015,空仓,553111.7029122359,空仓
1554,2016-05-30,467333.5530674495,满仓中证1000指数,420310.7513381649,满仓沪深300指数,592921.6236787424,空仓,436058.1808100015,空仓,553111.7029122359,空仓
1555,2016-05-31,467333.5530674495,空仓,434406.9958205183,满仓沪深300指数,612806.8351315539,满仓沪深300指数,450682.55743053334,满仓沪深300指数,549626.5086890878,7.5%多IF + 7.5%空IM
1556,2016-06-01,471492.9154904562,满仓中证1000指数,438273.30527518375,满仓中证1000指数,618260.938963555,满仓中证1000指数,450682.55743053334,空仓,554467.5159871512,7.5%多IM + 7.5%空IF
1557,2016-06-02,477131.97198336065,满仓中证1000指数,443515.0551437007,满仓中证1000指数,625655.3413980964,满仓中证1000指数,456072.72198703326,满仓中证1000指数,558578.9157293127,7.5%多IM + 7.5%空IF
1558,2016-06-03,478405.0487575975,满仓中证1000指数,444698.43573624565,满仓中证1000指数,625655.3413980964,空仓,457289.60876850615,满仓中证1000指数,556756.7496764059,7.5%多IM + 7.5%空IF
1559,2016-06-06,480155.7117505997,满仓中证1000指数,446325.7536262035,满仓中证1000指数,625655.3413980964,空仓,457289.60876850615,空仓,559664.385383391,7.5%多IM + 7.5%空IF
1560,2016-06-07,480851.0548008184,满仓中证1000指数,446972.1054310922,满仓中证1000指数,626561.3914206761,满仓中证1000指数,457951.8380070903,满仓中证1000指数,560501.3100180171,7.5%多IM + 7.5%空IF
1561,2016-06-08,480692.71832840465,满仓中证1000指数,446824.9247485613,满仓中证1000指数,626561.3914206761,空仓,457951.8380070903,空仓,562091.8905854444,7.5%多IM + 7.5%空IF
1562,2016-06-13,456117.727987509,满仓中证1000指数,423981.39541873813,满仓中证1000指数,626561.3914206761,空仓,434539.4550719885,满仓中证1000指数,553549.7659614087,7.5%多IM + 7.5%空IF
1563,2016-06-14,458270.9820133255,满仓中证1000指数,425314.60350381554,满仓沪深300指数,628531.6116281322,满仓沪深300指数,435905.86294046335,满仓沪深300指数,553113.4766261845,5%多IF + 5%空IM
1564,2016-06-15,475484.8371223896,满仓中证1000指数,430898.5885147817,满仓沪深300指数,652140.900714035,满仓中证1000指数,435905.86294046335,空仓,559870.7374435593,5%多IM + 5%空IF
1565,2016-06-16,476482.19613354525,满仓中证1000指数,431802.4250971433,满仓中证1000指数,653508.806802916,满仓中证1000指数,436820.2025922814,满仓中证1000指数,563674.503995307,7.5%多IM + 7.5%空IF
1566,2016-06-17,479701.6759015161,满仓中证1000指数,434720.0140073728,满仓中证1000指数,653508.806802916,空仓,439771.69546210655,满仓中证1000指数,564388.6335680656,7.5%多IM + 7.5%空IF
1567,2016-06-20,482177.22964893957,满仓中证1000指数,436963.434895435,满仓中证1000指数,653508.806802916,空仓,439771.69546210655,空仓,566257.7262568356,7.5%多IM + 7.5%空IF
1568,2016-06-21,476067.6047308011,满仓中证1000指数,431426.70996112766,满仓中证1000指数,653508.806802916,空仓,434199.38730719115,满仓中证1000指数,561743.8106160351,7.5%多IM + 7.5%空IF
1569,2016-06-22,476067.6047308011,空仓,435266.0429975869,满仓沪深300指数,659324.4827767137,满仓沪深300指数,438063.3948283042,满仓沪深300指数,557280.5453812563,7.5%多IF + 7.5%空IM
1570,2016-06-23,475074.3124704267,满仓中证1000指数,434357.88124195184,满仓中证1000指数,657948.8338157057,满仓中证1000指数,437149.3965320279,满仓中证1000指数,558628.256409013,7.5%多IM + 7.5%空IF
1571,2016-06-24,471330.1367429036,满仓中证1000指数,430934.601571141,满仓中证1000指数,657948.8338157057,空仓,433704.11625306425,满仓中证1000指数,560723.9842625913,7.5%多IM + 7.5%空IF
1572,2016-06-27,471330.1367429036,空仓,442046.30685314303,满仓中证1000指数,674914.1308824582,满仓中证1000指数,444887.2338347691,满仓中证1000指数,565637.9464187591,7.5%多IM + 7.5%空IF
1573,2016-06-28,475911.2102819375,满仓中证1000指数,446342.7574330838,满仓中证1000指数,674914.1308824582,空仓,449211.2966856158,满仓中证1000指数,567605.5064961184,7.5%多IM + 7.5%空IF
1574,2016-06-29,476762.59786026867,满仓中证1000指数,447141.2481413221,满仓中证1000指数,674914.1308824582,空仓,449211.2966856158,空仓,566332.6845341211,7.5%多IM + 7.5%空IF
1575,2016-06-30,476505.52438467037,满仓中证1000指数,446900.14668902924,满仓中证1000指数,675456.2227074967,满仓沪深300指数,449211.2966856158,空仓,565952.5598716605,5%多IM + 5%空IF
1576,2016-07-01,474838.4117810716,满仓中证1000指数,445336.61210449843,满仓中证1000指数,675456.2227074967,空仓,449211.2966856158,空仓,564429.9303535956,7.5%多IM + 7.5%空IF
1577,2016-07-04,483754.23539189337,满仓中证1000指数,453698.493920402,满仓中证1000指数,686269.6672044158,满仓沪深300指数,449211.2966856158,空仓,565210.9447550556,5%多IM + 5%空IF
1578,2016-07-05,485976.71239757724,满仓中证1000指数,455782.8880124447,满仓中证1000指数,686269.6672044158,空仓,449211.2966856158,空仓,566803.1128279557,7.5%多IM + 7.5%空IF
1579,2016-07-06,487737.3206366988,满仓中证1000指数,457434.1093311091,满仓中证1000指数,686269.6672044158,空仓,449211.2966856158,空仓,567094.5633041265,7.5%多IM + 7.5%空IF
1580,2016-07-07,488126.4578558792,满仓中证1000指数,457799.06938179996,满仓中证1000指数,686269.6672044158,空仓,449211.2966856158,空仓,568339.5062606328,7.5%多IM + 7.5%空IF
1581,2016-07-08,487307.82727561565,满仓中证1000指数,457031.300473189,满仓中证1000指数,686269.6672044158,空仓,449211.2966856158,空仓,569971.5705182325,7.5%多IM + 7.5%空IF
1582,2016-07-11,483804.6928347481,满仓中证1000指数,453745.8164328585,满仓中证1000指数,681336.2457152781,满仓中证1000指数,449211.2966856158,空仓,565418.9063400682,7.5%多IM + 7.5%空IF
1583,2016-07-12,494354.6422362238,满仓沪深300指数,463640.2954972297,满仓沪深300指数,696193.6107308398,满仓沪深300指数,459006.8950350995,满仓沪深300指数,571413.718172967,7.5%多IF + 7.5%空IM
1584,2016-07-13,495817.5061267476,满仓沪深300指数,465012.27137957735,满仓沪深300指数,698253.7440985464,满仓沪深300指数,460365.16004341596,满仓沪深300指数,568839.96298646,7.5%多IF + 7.5%空IM
1585,2016-07-14,494895.54755509493,满仓沪深300指数,464147.59426708246,满仓沪深300指数,699764.774177129,满仓中证1000指数,460365.16004341596,空仓,567695.6036119775,5%多IF + 5%空IM
1586,2016-07-15,494822.11588981457,满仓沪深300指数,464078.7249249531,满仓沪深300指数,695131.2318280885,满仓中证1000指数,460365.16004341596,空仓,569533.0052714932,5%多IF + 5%空IM
1587,2016-07-18,492669.11215046584,满仓沪深300指数,462059.48771216423,满仓沪深300指数,692106.6698826859,满仓沪深300指数,460365.16004341596,空仓,569815.721352492,7.5%多IF + 7.5%空IM
1588,2016-07-19,490586.6704720365,满仓沪深300指数,460106.4285262016,满仓沪深300指数,689181.2342510679,满仓沪深300指数,460365.16004341596,空仓,565189.3171801551,7.5%多IF + 7.5%空IM
1589,2016-07-20,488981.3533797595,满仓沪深300指数,460160.5151775406,满仓中证1000指数,689262.2492137271,满仓中证1000指数,460419.2771092863,满仓中证1000指数,566626.2228501991,7.5%多IM + 7.5%空IF
1590,2016-07-21,491234.38548586087,满仓沪深300指数,460654.70536086574,满仓中证1000指数,689262.2492137271,空仓,460419.2771092863,空仓,566626.2228501991,空仓
1591,2016-07-22,487102.06458690926,满仓沪深300指数,456779.6242948684,满仓沪深300指数,683464.0948470143,满仓沪深300指数,460419.2771092863,空仓,566617.5045268651,7.5%多IF + 7.5%空IM
1592,2016-07-25,487966.4045236288,满仓沪深300指数,457590.15847294184,满仓沪深300指数,683464.0948470143,空仓,460419.2771092863,空仓,567330.3674387686,5%多IF + 5%空IM
1593,2016-07-26,493811.818813385,满仓沪深300指数,463071.6916817716,满仓沪深300指数,683464.0948470143,空仓,460419.2771092863,空仓,567225.5325703409,5%多IF + 5%空IM
1594,2016-07-27,470167.33664906037,满仓中证1000指数,455799.6723419235,满仓沪深300指数,683464.0948470143,空仓,460419.2771092863,空仓,567225.5325703409,空仓
1595,2016-07-28,470167.33664906037,空仓,456209.4786716262,满仓沪深300指数,684078.5926827712,满仓沪深300指数,460833.2368936517,满仓沪深300指数,569158.5855526497,7.5%多IF + 7.5%空IM
1596,2016-07-29,470167.33664906037,空仓,453772.5791763792,满仓沪深300指数,678454.1786321366,满仓中证1000指数,458371.63902056694,满仓沪深300指数,569978.2475829314,5%多IF + 5%空IM
1597,2016-08-01,470167.33664906037,空仓,449931.3901631545,满仓沪深300指数,672711.057834339,满仓沪深300指数,458371.63902056694,空仓,572174.6718981105,5%多IF + 5%空IM
1598,2016-08-02,470167.33664906037,空仓,451665.47923853516,满仓沪深300指数,675303.7662378474,满仓沪深300指数,460138.2578186056,满仓沪深300指数,569612.513523698,7.5%多IF + 7.5%空IM
1599,2016-08-03,470167.33664906037,空仓,452296.35579461866,满仓沪深300指数,675303.7662378474,空仓,462122.3738032617,满仓中证1000指数,569612.513523698,空仓
1600,2016-08-04,470167.33664906037,空仓,453398.4494371213,满仓沪深300指数,675303.7662378474,空仓,462122.3738032617,空仓,567928.9877861001,5%多IF + 5%空IM
1601,2016-08-05,470167.33664906037,空仓,450872.9268976552,满仓中证1000指数,671542.1854809273,满仓中证1000指数,459548.2572122574,满仓中证1000指数,565047.9347173634,7.5%多IM + 7.5%空IF
1602,2016-08-08,470167.33664906037,空仓,456281.80823027424,满仓中证1000指数,677633.6705337884,满仓沪深300指数,463716.76873751933,满仓沪深300指数,564221.3895311471,5%多IF + 5%空IM
1603,2016-08-09,473481.5813738183,满仓沪深300指数,459498.1728265647,满仓沪深300指数,677633.6705337884,空仓,463716.76873751933,空仓,563194.9989580681,5%多IF + 5%空IM
1604,2016-08-10,473481.5813738183,空仓,457573.7715791202,满仓沪深300指数,677633.6705337884,空仓,463716.76873751933,空仓,562909.3816750146,5%多IF + 5%空IM
1605,2016-08-11,465832.8237711285,满仓中证1000指数,456165.7126768798,满仓沪深300指数,677633.6705337884,空仓,463716.76873751933,空仓,562909.3816750146,空仓
1606,2016-08-12,474602.8888808722,满仓沪深300指数,464753.7786028104,满仓沪深300指数,690391.233135379,满仓沪深300指数,472446.99564893614,满仓沪深300指数,566732.5957802355,7.5%多IF + 7.5%空IM
1607,2016-08-15,488893.3004775574,满仓沪深300指数,478747.6310275392,满仓沪深300指数,711179.0857072669,满仓沪深300指数,486672.49276160815,满仓沪深300指数,570019.6265352555,7.5%多IF + 7.5%空IM
1608,2016-08-16,486706.4785985435,满仓沪深300指数,476606.19077250926,满仓沪深300指数,707997.9785352059,满仓沪深300指数,484495.60456525587,满仓沪深300指数,564746.8846474538,7.5%多IF + 7.5%空IM
1609,2016-08-17,485957.670608704,满仓沪深300指数,475872.92228451814,满仓沪深300指数,710764.0552008279,满仓中证1000指数,486388.4800070149,满仓中证1000指数,564746.8846474538,空仓
1610,2016-08-18,484724.0643724365,满仓沪深300指数,475690.1502930097,满仓中证1000指数,710491.0668550358,满仓中证1000指数,486201.6692283917,满仓中证1000指数,565659.4146186913,7.5%多IM + 7.5%空IF
1611,2016-08-19,484801.0846228199,满仓沪深300指数,476493.1605435366,满仓中证1000指数,710491.0668550358,空仓,486201.6692283917,空仓,565659.4146186913,空仓
1612,2016-08-22,480734.7150698386,满仓沪深300指数,470484.7582658317,满仓中证1000指数,710491.0668550358,空仓,486201.6692283917,空仓,565659.4146186913,空仓
1613,2016-08-23,481460.0971473841,满仓沪深300指数,471194.67415229883,满仓沪深300指数,711563.1289924205,满仓沪深300指数,486935.3004097382,满仓沪深300指数,565848.5059382203,7.5%多IF + 7.5%空IM
1614,2016-08-24,479736.045089277,满仓沪深300指数,469507.3813682144,满仓沪深300指数,711563.1289924205,空仓,486935.3004097382,空仓,563863.4310371917,5%多IF + 5%空IM
1615,2016-08-25,476726.2619789863,满仓沪深300指数,466561.7711705569,满仓沪深300指数,706262.7641005139,满仓中证1000指数,483308.16647634236,满仓中证1000指数,563863.4310371917,空仓
1616,2016-08-26,478347.8049068376,满仓中证1000指数,466296.42514447053,满仓沪深300指数,706262.7641005139,空仓,483308.16647634236,空仓,563863.4310371917,空仓
1617,2016-08-29,479570.42005481484,满仓中证1000指数,466393.85545640293,满仓沪深300指数,706262.7641005139,空仓,483308.16647634236,空仓,563863.4310371917,空仓
1618,2016-08-30,479650.2110376402,满仓中证1000指数,466471.45412086253,满仓中证1000指数,706262.7641005139,空仓,483308.16647634236,空仓,563396.0585500892,7.5%多IM + 7.5%空IF
1619,2016-08-31,479650.2110376402,空仓,468697.7090069644,满仓沪深300指数,709633.4332284114,满仓沪深300指数,483308.16647634236,空仓,564743.135692878,5%多IF + 5%空IM
1620,2016-09-01,479650.2110376402,空仓,465005.20416883216,满仓沪深300指数,704042.7831459775,满仓沪深300指数,483308.16647634236,空仓,564679.1934633356,5%多IF + 5%空IM
1621,2016-09-02,479650.2110376402,空仓,466771.0279787914,满仓沪深300指数,704042.7831459775,空仓,483308.16647634236,空仓,567226.0035789593,5%多IF + 5%空IM
1622,2016-09-05,479650.2110376402,空仓,467554.97628655715,满仓沪深300指数,705225.2326026886,满仓沪深300指数,484119.8891337643,满仓沪深300指数,566135.4429575732,7.5%多IF + 7.5%空IM
1623,2016-09-06,479650.2110376402,空仓,470786.7120244476,满仓沪深300指数,716888.3422654645,满仓中证1000指数,484119.8891337643,空仓,566135.4429575732,空仓
1624,2016-09-07,479161.7220461536,满仓中证1000指数,470307.2498645861,满仓中证1000指数,716158.2434241356,满仓中证1000指数,483626.84809894447,满仓中证1000指数,565932.7695737319,7.5%多IM + 7.5%空IF
1625,2016-09-08,481349.9007019438,满仓中证1000指数,472454.9929719079,满仓中证1000指数,716158.2434241356,空仓,483626.84809894447,空仓,568030.3139176185,7.5%多IM + 7.5%空IF
1626,2016-09-09,477789.3808585945,满仓中证1000指数,468960.26829218364,满仓中证1000指数,710860.8586465106,满仓中证1000指数,480049.4857957184,满仓中证1000指数,567624.3175182482,7.5%多IM + 7.5%空IF
1627,2016-09-12,462446.22220348293,满仓中证1000指数,453900.637233786,满仓中证1000指数,698983.4053200614,满仓沪深300指数,480049.4857957184,空仓,563252.4014506465,5%多IM + 5%空IF
1628,2016-09-13,462446.22220348293,空仓,453584.64901622955,满仓沪深300指数,698496.7998777454,满仓沪深300指数,479715.2937525436,满仓沪深300指数,559550.1750830156,7.5%多IF + 7.5%空IM
1629,2016-09-14,462446.22220348293,空仓,450579.17855319317,满仓沪深300指数,695387.8294605992,满仓中证1000指数,477580.1076540671,满仓中证1000指数,560158.7129144708,5%多IM + 5%空IF
1630,2016-09-19,462446.22220348293,空仓,453972.96685748507,满仓沪深300指数,695387.8294605992,空仓,477580.1076540671,空仓,559072.467007523,5%多IF + 5%空IM
1631,2016-09-20,462446.22220348293,空仓,453754.076170688,满仓中证1000指数,695387.8294605992,空仓,477580.1076540671,空仓,559427.7574772822,5%多IM + 5%空IF
1632,2016-09-21,462446.22220348293,空仓,454780.9426521048,满仓中证1000指数,695387.8294605992,空仓,477580.1076540671,空仓,559267.9319726017,5%多IM + 5%空IF
1633,2016-09-22,462446.22220348293,空仓,458189.7152860977,满仓沪深300指数,695387.8294605992,空仓,477580.1076540671,空仓,560143.9425426028,5%多IF + 5%空IM
1634,2016-09-23,462446.22220348293,空仓,456038.12664541823,满仓沪深300指数,692122.3948495234,满仓沪深300指数,477580.1076540671,空仓,560121.6162452707,5%多IF + 5%空IM
1635,2016-09-26,462446.22220348293,空仓,448327.7499155023,满仓沪深300指数,677420.322255642,满仓中证1000指数,477580.1076540671,空仓,560121.6162452707,空仓
1636,2016-09-27,462446.22220348293,空仓,451177.6936698292,满仓沪深300指数,681726.5687836129,满仓沪深300指数,480616.00370390125,满仓沪深300指数,559845.837973205,7.5%多IF + 7.5%空IM
1637,2016-09-28,462446.22220348293,空仓,450549.8591384594,满仓中证1000指数,681726.5687836129,空仓,480616.00370390125,空仓,560308.3409610294,5%多IM + 5%空IF
1638,2016-09-29,463871.42588145577,满仓中证1000指数,451938.399655224,满仓中证1000指数,683827.5681356515,满仓中证1000指数,480616.00370390125,空仓,559847.9329220707,7.5%多IM + 7.5%空IF
1639,2016-09-30,463871.42588145577,空仓,454162.43256084435,满仓中证1000指数,683827.5681356515,空仓,480616.00370390125,空仓,560457.8032444285,5%多IM + 5%空IF
1640,2016-10-10,473608.3126558436,满仓中证1000指数,463695.5228446929,满仓中证1000指数,683827.5681356515,空仓,480616.00370390125,空仓,564037.3123969216,7.5%多IM + 7.5%空IF
1641,2016-10-11,476856.1553331173,满仓中证1000指数,466875.3870238297,满仓中证1000指数,683827.5681356515,空仓,483911.90271263453,满仓中证1000指数,565308.7352543296,7.5%多IM + 7.5%空IF
1642,2016-10-12,477497.8721884136,满仓中证1000指数,465950.91494255053,满仓沪深300指数,683827.5681356515,空仓,483911.90271263453,空仓,565308.7352543296,空仓
1643,2016-10-13,478251.4620963358,满仓中证1000指数,466686.2813756585,满仓中证1000指数,683827.5681356515,空仓,483911.90271263453,空仓,565639.2464782797,7.5%多IM + 7.5%空IF
1644,2016-10-14,477404.3857783415,满仓中证1000指数,465859.6892411498,满仓中证1000指数,683827.5681356515,空仓,483911.90271263453,空仓,564476.4752227231,7.5%多IM + 7.5%空IF
1645,2016-10-17,473033.97242837364,满仓中证1000指数,461918.2449889891,满仓沪深300指数,678041.9887001617,满仓沪深300指数,483911.90271263453,空仓,564672.3341336955,5%多IF + 5%空IM
1646,2016-10-18,480242.75208806124,满仓中证1000指数,468041.7348064365,满仓沪深300指数,678041.9887001617,空仓,483911.90271263453,空仓,564672.3341336955,空仓
1647,2016-10-19,479573.9078384932,满仓中证1000指数,467324.21309704246,满仓沪深300指数,678041.9887001617,空仓,483911.90271263453,空仓,564672.3341336955,空仓
1648,2016-10-20,481780.910156318,满仓中证1000指数,467657.3053971574,满仓沪深300指数,678041.9887001617,空仓,483911.90271263453,空仓,564672.3341336955,空仓
1649,2016-10-21,478974.5075759198,满仓中证1000指数,468944.6929746542,满仓沪深300指数,678041.9887001617,空仓,481093.08697330294,满仓中证1000指数,562250.4816898918,5%多IM + 5%空IF
1650,2016-10-24,482064.3847316428,满仓中证1000指数,474558.6306289739,满仓沪深300指数,686159.1195870216,满仓沪深300指数,486852.4582523768,满仓沪深300指数,563802.4059571286,5%多IF + 5%空IM
1651,2016-10-25,482046.763126654,满仓沪深300指数,474541.2833928001,满仓沪深300指数,686159.1195870216,空仓,486852.4582523768,空仓,562577.5902485672,5%多IF + 5%空IM
1652,2016-10-26,480235.3022154471,满仓沪深300指数,472758.02697169187,满仓沪深300指数,686159.1195870216,空仓,486852.4582523768,空仓,562725.4515190348,5%多IF + 5%空IM
1653,2016-10-27,478931.89035595075,满仓沪深300指数,471474.9092662996,满仓沪深300指数,686159.1195870216,空仓,486852.4582523768,空仓,562078.8295213855,5%多IF + 5%空IM
1654,2016-10-28,478134.72387454275,满仓沪深300指数,470690.15468624316,满仓沪深300指数,686159.1195870216,空仓,486852.4582523768,空仓,564184.9521361975,5%多IF + 5%空IM
1655,2016-10-31,477583.83041687676,满仓沪深300指数,470147.83865300624,满仓沪深300指数,685368.546238081,满仓沪深300指数,486291.5204649548,满仓沪深300指数,563892.4364622307,7.5%多IF + 7.5%空IM
1656,2016-11-01,480843.8559695345,满仓沪深300指数,475227.95278060785,满仓中证1000指数,685368.546238081,空仓,486291.5204649548,空仓,563892.4364622307,空仓
1657,2016-11-02,477165.06320945127,满仓沪深300指数,472059.7433184104,满仓中证1000指数,685368.546238081,空仓,486291.5204649548,空仓,563892.4364622307,空仓
1658,2016-11-03,481707.54365190316,满仓沪深300指数,475125.871618318,满仓中证1000指数,685368.546238081,空仓,486291.5204649548,空仓,563892.4364622307,空仓
1659,2016-11-04,480145.77701837185,满仓沪深300指数,473810.56161979376,满仓中证1000指数,683146.4807103715,满仓沪深300指数,484714.8919050745,满仓沪深300指数,563758.8484158773,5%多IF + 5%空IM
1660,2016-11-07,480491.7244820299,满仓沪深300指数,474151.94452867756,满仓沪深300指数,683146.4807103715,空仓,484714.8919050745,空仓,564098.8072859332,5%多IF + 5%空IM
1661,2016-11-08,480491.7244820299,空仓,476203.9006145528,满仓沪深300指数,683146.4807103715,空仓,484714.8919050745,空仓,563585.9045790316,5%多IF + 5%空IM
1662,2016-11-09,477917.1712353964,满仓沪深300指数,473652.32222949655,满仓沪深300指数,683146.4807103715,空仓,484714.8919050745,空仓,564046.0501050054,5%多IF + 5%空IM
1663,2016-11-10,477917.1712353964,空仓,478957.6502327759,满仓沪深300指数,683146.4807103715,空仓,484714.8919050745,空仓,563549.0649261985,5%多IF + 5%空IM
1664,2016-11-11,481667.8197814117,满仓沪深300指数,482716.46435909165,满仓沪深300指数,683146.4807103715,空仓,484714.8919050745,空仓,564592.062564254,5%多IF + 5%空IM
1665,2016-11-14,483286.6370764707,满仓中证1000指数,484556.67178753467,满仓沪深300指数,683146.4807103715,空仓,484714.8919050745,空仓,564592.062564254,空仓
1666,2016-11-15,483233.3103253239,满仓沪深300指数,484503.2048983832,满仓沪深300指数,683146.4807103715,空仓,484714.8919050745,空仓,563151.4544828768,5%多IF + 5%空IM
1667,2016-11-16,483973.47021886753,满仓中证1000指数,484463.9911376738,满仓沪深300指数,684192.8440624693,满仓中证1000指数,485457.3211108549,满仓中证1000指数,563832.5657340711,7.5%多IM + 7.5%空IF
1668,2016-11-17,482002.775194748,满仓中证1000指数,482491.29875792755,满仓中证1000指数,684192.8440624693,空仓,485457.3211108549,空仓,561254.5892043374,7.5%多IM + 7.5%空IF
1669,2016-11-18,479326.7017226007,满仓沪深300指数,481006.93322855525,满仓中证1000指数,680394.2138178844,满仓沪深300指数,482762.06804232317,满仓沪深300指数,560559.8887699415,5%多IF + 5%空IM
1670,2016-11-21,482644.5413627577,满仓沪深300指数,482125.97658913326,满仓中证1000指数,680394.2138178844,空仓,482762.06804232317,空仓,560559.8887699415,空仓
1671,2016-11-22,486467.0165689349,满仓沪深300指数,485944.34483704175,满仓沪深300指数,685782.8379291235,满仓沪深300指数,486585.4740428639,满仓沪深300指数,560371.1991116313,7.5%多IF + 7.5%空IM
1672,2016-11-23,487359.789104256,满仓沪深300指数,486836.15815631876,满仓沪深300指数,685782.8379291235,空仓,486585.4740428639,空仓,562831.281867884,5%多IF + 5%空IM
1673,2016-11-24,489324.99111269944,满仓沪深300指数,488799.2487049873,满仓沪深300指数,688548.1498005262,满仓沪深300指数,488547.5537471127,满仓沪深300指数,567450.7948419894,7.5%多IF + 7.5%空IM
1674,2016-11-25,493891.55096305616,满仓沪深300指数,493360.90213483764,满仓沪深300指数,694973.9330591465,满仓沪深300指数,493106.85826752643,满仓沪深300指数,570570.6264169789,7.5%多IF + 7.5%空IM
1675,2016-11-28,495824.63380625914,满仓沪深300指数,495291.90802786074,满仓沪深300指数,697694.0488089508,满仓沪深300指数,495036.86983732134,满仓沪深300指数,572287.9525440175,7.5%多IF + 7.5%空IM
1676,2016-11-29,499886.47393557755,满仓沪深300指数,499349.38401954446,满仓沪深300指数,703409.6213969521,满仓沪深300指数,499092.2565331407,满仓沪深300指数,580626.3897537169,7.5%多IF + 7.5%空IM
1677,2016-11-30,496234.23030517483,满仓沪深300指数,495701.0644465569,满仓沪深300指数,698270.407908967,满仓沪深300指数,495445.81557114463,满仓沪深300指数,578234.4386520823,7.5%多IF + 7.5%空IM
1678,2016-12-01,500026.1151622736,满仓沪深300指数,499488.8752123856,满仓沪深300指数,701451.778728173,满仓中证1000指数,497703.10278008686,满仓中证1000指数,578234.4386520823,空仓
1679,2016-12-02,494965.4110714861,满仓沪深300指数,494433.60846242827,满仓沪深300指数,701451.778728173,空仓,497703.10278008686,空仓,580275.0124714704,5%多IF + 5%空IM
1680,2016-12-05,486613.39019707864,满仓沪深300指数,486090.5611978784,满仓沪深300指数,689615.517512171,满仓沪深300指数,489304.88623667613,满仓沪深300指数,575322.3496575012,7.5%多IF + 7.5%空IM
1681,2016-12-06,485175.18093779654,满仓沪深300指数,487200.55242821854,满仓中证1000指数,691190.2594179976,满仓中证1000指数,490422.21740094904,满仓中证1000指数,577582.9587836857,7.5%多IM + 7.5%空IF
1682,2016-12-07,485175.18093779654,空仓,489537.7156776744,满仓沪深300指数,691190.2594179976,空仓,490422.21740094904,空仓,575797.550350971,5%多IF + 5%空IM
1683,2016-12-08,484392.82793514815,满仓沪深300指数,486556.34564821975,满仓中证1000指数,691190.2594179976,空仓,487435.4606018047,满仓中证1000指数,574508.4381568154,5%多IM + 5%空IF
1684,2016-12-09,484392.82793514815,空仓,484745.96224652184,满仓中证1000指数,695882.5512832705,满仓沪深300指数,487435.4606018047,空仓,574508.4381568154,空仓
1685,2016-12-12,484392.82793514815,空仓,473018.7936905007,满仓沪深300指数,679047.4817629952,满仓沪深300指数,475643.22662389255,满仓沪深300指数,587558.9757221419,7.5%多IF + 7.5%空IM
1686,2016-12-13,484392.82793514815,空仓,472443.8334583774,满仓沪深300指数,678222.0910957638,满仓沪深300指数,475065.07636086835,满仓沪深300指数,585128.7466541423,7.5%多IF + 7.5%空IM
1687,2016-12-14,484392.82793514815,空仓,468823.85531022126,满仓沪深300指数,678222.0910957638,空仓,471936.996634273,满仓中证1000指数,585128.7466541423,空仓
1688,2016-12-15,484392.82793514815,空仓,463480.4394509057,满仓沪深300指数,678222.0910957638,空仓,471936.996634273,空仓,578663.5740110857,5%多IF + 5%空IM
1689,2016-12-16,484392.82793514815,空仓,464256.9736170595,满仓沪深300指数,685613.4609399057,满仓中证1000指数,477080.2394319555,满仓中证1000指数,581331.9984700241,5%多IM + 5%空IF
1690,2016-12-19,484392.82793514815,空仓,463787.03765167505,满仓中证1000指数,684919.4607590637,满仓中证1000指数,476597.3233410316,满仓中证1000指数,583112.0516722564,7.5%多IM + 7.5%空IF
1691,2016-12-20,484392.82793514815,空仓,463508.5428176181,满仓中证1000指数,684919.4607590637,空仓,476597.3233410316,空仓,584681.4713658439,5%多IM + 5%空IF
1692,2016-12-21,484392.82793514815,空仓,466937.01386642596,满仓中证1000指数,689985.659814863,满仓中证1000指数,480122.60922914307,满仓中证1000指数,584019.4797207847,7.5%多IM + 7.5%空IF
1693,2016-12-22,484392.82793514815,空仓,466857.83518558706,满仓中证1000指数,689985.659814863,空仓,480122.60922914307,空仓,584220.4673041941,5%多IM + 5%空IF
1694,2016-12-23,484392.82793514815,空仓,462928.7758172254,满仓沪深300指数,689985.659814863,空仓,480122.60922914307,空仓,585107.5314496139,5%多IF + 5%空IM
1695,2016-12-26,484392.82793514815,空仓,465000.3812531014,满仓沪深300指数,693073.344396634,满仓沪深300指数,480122.60922914307,空仓,585119.3298879048,5%多IF + 5%空IM
1696,2016-12-27,484896.8185741624,满仓中证1000指数,464158.4709508369,满仓沪深300指数,693073.344396634,空仓,480122.60922914307,空仓,585119.3298879048,空仓
1697,2016-12-28,482935.06976674555,满仓中证1000指数,462129.55305730057,满仓沪深300指数,693073.344396634,空仓,480122.60922914307,空仓,585119.3298879048,空仓
1698,2016-12-29,481060.4336010125,满仓中证1000指数,461552.37549712026,满仓沪深300指数,693073.344396634,空仓,480122.60922914307,空仓,585119.3298879048,空仓
1699,2016-12-30,481205.7384621229,满仓中证1000指数,461691.78792668704,满仓中证1000指数,693073.344396634,空仓,480122.60922914307,空仓,583612.9695793972,7.5%多IM + 7.5%空IF
1700,2017-01-03,500000.0,空仓,504373.8320015623,满仓中证1000指数,500000.0,空仓,500000.0,空仓,499758.99943753594,5%多IM + 5%空IF
1701,2017-01-04,503902.2631375869,满仓沪深300指数,510545.9327323114,满仓中证1000指数,500000.0,空仓,500000.0,空仓,499758.99943753594,空仓
1702,2017-01-05,503824.096698154,满仓沪深300指数,510593.74884839414,满仓中证1000指数,500000.0,空仓,500046.828417403,满仓中证1000指数,499821.1642241404,5%多IM + 5%空IF
1703,2017-01-06,500813.72385456023,满仓沪深300指数,507009.7366214128,满仓中证1000指数,500000.0,空仓,500046.828417403,空仓,499821.1642241404,空仓
1704,2017-01-09,503242.4785484363,满仓沪深300指数,509597.71324018,满仓中证1000指数,500000.0,空仓,500046.828417403,空仓,499821.1642241404,空仓
1705,2017-01-10,502400.25573366176,满仓沪深300指数,508744.8543525801,满仓沪深300指数,500000.0,空仓,500046.828417403,空仓,500682.0479912222,5%多IF + 5%空IM
1706,2017-01-11,498843.3162174014,满仓沪深300指数,505142.9957637578,满仓沪深300指数,500000.0,空仓,500046.828417403,空仓,501518.1196992096,5%多IF + 5%空IM
1707,2017-01-12,496319.3555483003,满仓沪深300指数,502587.1610715195,满仓沪深300指数,497470.18694342783,满仓沪深300指数,500046.828417403,空仓,502996.0741198425,7.5%多IF + 7.5%空IM
1708,2017-01-13,496661.6572326383,满仓沪深300指数,502933.78553788015,满仓沪深300指数,497813.28233351297,满仓沪深300指数,500391.7008663649,满仓沪深300指数,510271.93879126455,7.5%多IF + 7.5%空IM
1709,2017-01-16,496591.8385201342,满仓沪深300指数,502863.08511462476,满仓沪深300指数,497743.3017301509,满仓沪深300指数,500321.3577992216,满仓沪深300指数,526580.9919802215,7.5%多IF + 7.5%空IM
1710,2017-01-17,497625.7000122554,满仓沪深300指数,503910.00280271756,满仓沪深300指数,498779.5604696291,满仓沪深300指数,501362.9838296773,满仓沪深300指数,522588.6754696967,7.5%多IF + 7.5%空IM
1711,2017-01-18,497625.7000122554,空仓,505880.7373348122,满仓沪深300指数,498779.5604696291,空仓,498895.66377870366,满仓中证1000指数,522588.6754696967,空仓
1712,2017-01-19,497625.7000122554,空仓,504354.29292768694,满仓沪深300指数,497274.54315175617,满仓沪深300指数,497390.29613073566,满仓沪深300指数,523061.7280914511,7.5%多IF + 7.5%空IM
1713,2017-01-20,497625.7000122554,空仓,508232.4391358215,满仓沪深300指数,497274.54315175617,空仓,497390.29613073566,空仓,520720.75668335595,5%多IF + 5%空IM
1714,2017-01-23,498989.0911737703,满仓沪深300指数,513343.5991778784,满仓中证1000指数,502275.5025143878,满仓中证1000指数,502392.41959064896,满仓中证1000指数,523578.3203915353,7.5%多IM + 7.5%空IF
1715,2017-01-24,499043.98755516624,满仓沪深300指数,510482.97684880963,满仓中证1000指数,502275.5025143878,空仓,499592.823032442,满仓中证1000指数,522090.69179916376,5%多IM + 5%空IF
1716,2017-01-25,500742.8384739493,满仓沪深300指数,512180.2369511489,满仓中证1000指数,503985.3541912091,满仓沪深300指数,499592.823032442,空仓,522111.4183898531,5%多IF + 5%空IM
1717,2017-01-26,502531.1463168607,满仓沪深300指数,515653.68998715846,满仓中证1000指数,503985.3541912091,空仓,499592.823032442,空仓,522111.4183898531,空仓
1718,2017-02-03,499050.1283554629,满仓沪深300指数,512081.7725650002,满仓沪深300指数,503985.3541912091,空仓,499592.823032442,空仓,521053.6356619673,5%多IF + 5%空IM
1719,2017-02-06,500342.4849937396,满仓沪深300指数,513407.8763780493,满仓沪深300指数,503985.3541912091,空仓,499592.823032442,空仓,518616.55416351894,5%多IF + 5%空IM
1720,2017-02-07,500485.49941240094,满仓中证1000指数,513554.6253173829,满仓中证1000指数,504129.40986228484,满仓中证1000指数,499735.62317293836,满仓中证1000指数,519594.882582603,7.5%多IM + 7.5%空IF
1721,2017-02-08,504114.7312416929,满仓中证1000指数,517278.62690078584,满仓中证1000指数,504129.40986228484,空仓,499735.62317293836,空仓,520382.58058067574,7.5%多IM + 7.5%空IF
1722,2017-02-09,508213.3781244541,满仓中证1000指数,521484.30132423254,满仓中证1000指数,504129.40986228484,空仓,499735.62317293836,空仓,522055.58814823907,7.5%多IM + 7.5%空IF
1723,2017-02-10,506432.28149743716,满仓中证1000指数,519656.69510583923,满仓中证1000指数,504129.40986228484,空仓,497984.2378864699,满仓中证1000指数,518701.1248549349,7.5%多IM + 7.5%空IF
1724,2017-02-13,509584.846940079,满仓中证1000指数,523125.8869888753,满仓沪深300指数,507494.9426710901,满仓沪深300指数,501308.7459554053,满仓沪深300指数,518818.0613433283,5%多IF + 5%空IM
1725,2017-02-14,509033.64893388393,满仓中证1000指数,523054.2141257911,满仓沪深300指数,507494.9426710901,空仓,501308.7459554053,空仓,518818.0613433283,空仓
1726,2017-02-15,504213.8630090542,满仓中证1000指数,520909.03680844925,满仓沪深300指数,507494.9426710901,空仓,501308.7459554053,空仓,518818.0613433283,空仓
1727,2017-02-16,507446.00579057954,满仓中证1000指数,523835.01902696386,满仓沪深300指数,510345.57699169934,满仓沪深300指数,504124.6319796494,满仓沪深300指数,518612.300118516,5%多IF + 5%空IM
1728,2017-02-17,503026.0160779043,满仓中证1000指数,519272.27664882445,满仓中证1000指数,510345.57699169934,空仓,504124.6319796494,空仓,517427.62521355646,7.5%多IM + 7.5%空IF
1729,2017-02-20,507426.7535009842,满仓中证1000指数,523815.1449450488,满仓中证1000指数,510345.57699169934,空仓,504124.6319796494,空仓,515157.107192196,7.5%多IM + 7.5%空IF
1730,2017-02-21,509097.5788530973,满仓沪深300指数,525539.9330409789,满仓沪深300指数,512026.01327633223,满仓沪深300指数,505784.5842977422,满仓沪深300指数,512639.6399816812,7.5%多IF + 7.5%空IM
1731,2017-02-22,510111.10434161435,满仓沪深300指数,526586.1924212937,满仓沪深300指数,513879.6332180323,满仓中证1000指数,507615.60922098736,满仓中证1000指数,512639.6399816812,空仓
1732,2017-02-23,507709.015167674,满仓沪深300指数,524106.52283324534,满仓沪深300指数,513879.6332180323,空仓,507615.60922098736,空仓,511360.3720580472,5%多IF + 5%空IM
1733,2017-02-24,507786.20956755936,满仓沪深300指数,524186.21038516477,满仓沪深300指数,515735.5256297228,满仓中证1000指数,509448.87891355983,满仓中证1000指数,511360.3720580472,空仓
1734,2017-02-27,503831.22451453446,满仓中证1000指数,520103.4909492812,满仓中证1000指数,511718.6258858,满仓中证1000指数,509448.87891355983,空仓,511423.54140059534,7.5%多IM + 7.5%空IF
1735,2017-02-28,505684.4012423972,满仓中证1000指数,522016.5198339759,满仓中证1000指数,511718.6258858,空仓,509448.87891355983,空仓,512101.17372256157,7.5%多IM + 7.5%空IF
1736,2017-03-01,506777.16302651155,满仓中证1000指数,522867.2887169528,满仓沪深300指数,511718.6258858,空仓,509448.87891355983,空仓,512101.17372256157,空仓
1737,2017-03-02,503506.324972682,满仓中证1000指数,519338.4113284669,满仓沪深300指数,511718.6258858,空仓,509448.87891355983,空仓,512101.17372256157,空仓
1738,2017-03-03,505527.8296663871,满仓中证1000指数,518244.80751935556,满仓沪深300指数,511718.6258858,空仓,509448.87891355983,空仓,512101.17372256157,空仓
1739,2017-03-06,511632.0111619308,满仓中证1000指数,521060.07194877777,满仓沪深300指数,517897.56042461365,满仓中证1000指数,515600.40655871807,满仓中证1000指数,514652.4212899142,7.5%多IM + 7.5%空IF
1740,2017-03-07,512601.50321646035,满仓中证1000指数,522047.42924594873,满仓中证1000指数,518878.92507525714,满仓中证1000指数,516577.41833000205,满仓中证1000指数,514546.94948912784,7.5%多IM + 7.5%空IF
1741,2017-03-08,510545.2821056625,满仓中证1000指数,519953.3172737488,满仓中证1000指数,518878.92507525714,空仓,516577.41833000205,空仓,513582.7418350403,7.5%多IM + 7.5%空IF
1742,2017-03-09,507317.1248583975,满仓中证1000指数,516665.67339919554,满仓中证1000指数,515600.8864005488,满仓沪深300指数,516577.41833000205,空仓,513581.35025470407,5%多IM + 5%空IF
1743,2017-03-10,507449.3099493312,满仓中证1000指数,516800.29432104924,满仓中证1000指数,515600.8864005488,空仓,516577.41833000205,空仓,513575.1811775725,7.5%多IM + 7.5%空IF
1744,2017-03-13,507449.3099493312,空仓,521354.3112597352,满仓沪深300指数,515600.8864005488,空仓,516577.41833000205,空仓,514011.1920332541,5%多IF + 5%空IM
1745,2017-03-14,506457.55360136623,满仓中证1000指数,521142.5491102544,满仓沪深300指数,515600.8864005488,空仓,516577.41833000205,空仓,514011.1920332541,空仓
1746,2017-03-15,506004.10491083015,满仓中证1000指数,522190.3842884701,满仓沪深300指数,516637.57923557464,满仓沪深300指数,516577.41833000205,空仓,514758.04615150887,5%多IF + 5%空IM
1747,2017-03-16,511371.6603026368,满仓中证1000指数,524883.4693491112,满仓沪深300指数,516637.57923557464,空仓,516577.41833000205,空仓,514758.04615150887,空仓
1748,2017-03-17,507764.87388414826,满仓中证1000指数,519500.9929289983,满仓沪深300指数,516637.57923557464,空仓,512933.9148643859,满仓中证1000指数,515582.03264674405,5%多IM + 5%空IF
1749,2017-03-20,509593.09803457075,满仓中证1000指数,520075.02424335707,满仓沪深300指数,516637.57923557464,空仓,512933.9148643859,空仓,515582.03264674405,空仓
1750,2017-03-21,509871.8124395678,满仓中证1000指数,522597.9276762507,满仓沪深300指数,516637.57923557464,空仓,512933.9148643859,空仓,515582.03264674405,空仓
1751,2017-03-22,507474.713286476,满仓沪深300指数,520140.99826913874,满仓沪深300指数,516637.57923557464,空仓,512933.9148643859,空仓,515774.22039264254,5%多IF + 5%空IM
1752,2017-03-23,509229.22641793155,满仓沪深300指数,520047.32151814905,满仓中证1000指数,516637.57923557464,空仓,512933.9148643859,空仓,515774.22039264254,空仓
1753,2017-03-24,513292.1275296437,满仓沪深300指数,520733.15640389186,满仓中证1000指数,520759.58811906667,满仓沪深300指数,512933.9148643859,空仓,517491.6808923326,5%多IF + 5%空IM
1754,2017-03-27,511591.56773626804,满仓沪深300指数,519007.9441487966,满仓沪深300指数,519034.2882945159,满仓沪深300指数,511234.5418456038,满仓沪深300指数,516899.71499644907,7.5%多IF + 7.5%空IM
1755,2017-03-28,510381.1184185807,满仓沪深300指数,517779.94734140375,满仓沪深300指数,519034.2882945159,空仓,511234.5418456038,空仓,517156.1922931944,5%多IF + 5%空IM
1756,2017-03-29,509702.14184121654,满仓沪深300指数,517091.1278616336,满仓沪深300指数,519034.2882945159,空仓,511234.5418456038,空仓,518922.8302050961,5%多IF + 5%空IM
1757,2017-03-30,505519.53727658885,满仓沪深300指数,512847.8894402492,满仓沪深300指数,514775.1043413606,满仓沪深300指数,507039.3624402465,满仓沪深300指数,523669.205567592,7.5%多IF + 7.5%空IM
1758,2017-03-31,505519.53727658885,空仓,515726.05359017744,满仓沪深300指数,517664.084253529,满仓沪深300指数,509884.92843676603,满仓沪深300指数,524734.9974075081,7.5%多IF + 7.5%空IM
1759,2017-04-05,512518.2724390017,满仓沪深300指数,522866.09427956253,满仓沪深300指数,524830.9562765211,满仓沪深300指数,509884.92843676603,空仓,521553.64809245185,7.5%多IF + 7.5%空IM
1760,2017-04-06,514003.46519055706,满仓沪深300指数,524381.273298571,满仓沪深300指数,526164.476177243,满仓中证1000指数,511180.47263250576,满仓中证1000指数,521553.64809245185,空仓
1761,2017-04-07,514503.2003645025,满仓沪深300指数,524891.098201655,满仓沪深300指数,526164.476177243,空仓,511180.47263250576,空仓,521774.09922344954,5%多IF + 5%空IM
1762,2017-04-10,512700.5262153038,满仓沪深300指数,519019.1344026899,满仓中证1000指数,526164.476177243,空仓,511180.47263250576,空仓,521774.09922344954,空仓
1763,2017-04-11,514483.39525911614,满仓沪深300指数,523029.13241534197,满仓中证1000指数,527994.1648718402,满仓沪深300指数,512958.05582943646,满仓沪深300指数,520665.66841967864,5%多IF + 5%空IM
1764,2017-04-12,513329.4187604166,满仓沪深300指数,518726.54425463226,满仓中证1000指数,527994.1648718402,空仓,512958.05582943646,空仓,520665.66841967864,空仓
1765,2017-04-13,514079.423766828,满仓沪深300指数,519484.43478443864,满仓沪深300指数,528765.5959500865,满仓沪深300指数,513707.5182523776,满仓沪深300指数,520037.60456709313,7.5%多IF + 7.5%空IM
1766,2017-04-14,509974.8083619687,满仓沪深300指数,511838.9430414143,满仓中证1000指数,520983.5090825383,满仓中证1000指数,513707.5182523776,空仓,518286.8820181319,5%多IM + 5%空IF
1767,2017-04-17,509014.86046219745,满仓沪深300指数,510875.486199356,满仓沪深300指数,520002.83902362775,满仓沪深300指数,512740.5441094253,满仓沪深300指数,523377.07012546406,7.5%多IF + 7.5%空IM
1768,2017-04-18,506499.17326487537,满仓沪深300指数,508350.6032934023,满仓沪深300指数,517432.846305704,满仓沪深300指数,510206.44358985935,满仓沪深300指数,525459.8595685492,7.5%多IF + 7.5%空IM
1769,2017-04-19,504032.04806894355,满仓沪深300指数,505874.4598997853,满仓沪深300指数,517432.846305704,空仓,507721.2605164231,满仓沪深300指数,528524.6201641312,7.5%多IF + 7.5%空IM
1770,2017-04-20,504032.04806894355,空仓,508175.1997712942,满仓沪深300指数,519786.15424016607,满仓沪深300指数,510030.3997204744,满仓沪深300指数,532589.8800448212,7.5%多IF + 7.5%空IM
1771,2017-04-21,504032.04806894355,空仓,508944.22706474183,满仓沪深300指数,520572.7525227009,满仓沪深300指数,510802.2345090465,满仓沪深300指数,535307.7175327343,7.5%多IF + 7.5%空IM
1772,2017-04-24,504032.04806894355,空仓,503728.5413828255,满仓沪深300指数,515237.89713513193,满仓沪深300指数,505567.5078746862,满仓沪深300指数,543679.5554570496,7.5%多IF + 7.5%空IM
1773,2017-04-25,504032.04806894355,空仓,505154.8474251706,满仓沪深300指数,516696.7918880708,满仓沪深300指数,506999.0209458246,满仓沪深300指数,543472.08524673,7.5%多IF + 7.5%空IM
1774,2017-04-26,504032.04806894355,空仓,505772.73818864656,满仓沪深300指数,516696.7918880708,空仓,506999.0209458246,空仓,542821.3495693787,5%多IF + 5%空IM
1775,2017-04-27,504032.04806894355,空仓,505998.3786418439,满仓沪深300指数,516696.7918880708,空仓,506999.0209458246,空仓,541290.6472990839,5%多IF + 5%空IM
1776,2017-04-28,504032.04806894355,空仓,504975.5535504212,满仓沪深300指数,516696.7918880708,空仓,509791.75595095917,满仓中证1000指数,541290.6472990839,空仓
1777,2017-05-02,504032.04806894355,空仓,505193.5562021589,满仓中证1000指数,516696.7918880708,空仓,510011.83780214953,满仓中证1000指数,543021.0181228165,7.5%多IM + 7.5%空IF
1778,2017-05-03,504032.04806894355,空仓,504238.58803613763,满仓中证1000指数,516696.7918880708,空仓,510011.83780214953,空仓,543573.3877774248,5%多IM + 5%空IF
1779,2017-05-04,504032.04806894355,空仓,502560.63408576703,满仓中证1000指数,516696.7918880708,空仓,510011.83780214953,空仓,543365.0713560164,5%多IM + 5%空IF
1780,2017-05-05,504032.04806894355,空仓,495843.4801009056,满仓中证1000指数,516696.7918880708,空仓,510011.83780214953,空仓,541476.4101527985,5%多IM + 5%空IF
1781,2017-05-08,504032.04806894355,空仓,486507.65418037266,满仓中证1000指数,513070.7722544815,满仓沪深300指数,506432.73112630594,满仓沪深300指数,544673.9577244491,5%多IF + 5%空IM
1782,2017-05-09,504032.04806894355,空仓,485598.01224024704,满仓沪深300指数,512111.4642380813,满仓沪深300指数,505485.8345089014,满仓沪深300指数,541332.2106166424,7.5%多IF + 7.5%空IM
1783,2017-05-10,504032.04806894355,空仓,483449.71263301774,满仓沪深300指数,512111.4642380813,空仓,495434.1884143412,满仓中证1000指数,541332.2106166424,空仓
1784,2017-05-11,504032.04806894355,空仓,486193.8327081866,满仓沪深300指数,515018.2719432429,满仓沪深300指数,498246.33384917525,满仓沪深300指数,547157.5746137422,7.5%多IF + 7.5%空IM
1785,2017-05-12,504032.04806894355,空仓,490355.6390388567,满仓沪深300指数,519426.814710322,满仓沪深300指数,502511.30927039013,满仓沪深300指数,551550.9082054981,7.5%多IF + 7.5%空IM
1786,2017-05-15,504032.04806894355,空仓,492356.6745960668,满仓沪深300指数,521546.48346266075,满仓沪深300指数,504561.9494949447,满仓沪深300指数,552099.5684253472,7.5%多IF + 7.5%空IM
1787,2017-05-16,504032.04806894355,空仓,496623.1460221868,满仓沪深300指数,521546.48346266075,空仓,504561.9494949447,空仓,548584.9659087426,5%多IF + 5%空IM
1788,2017-05-17,501285.4611493033,满仓沪深300指数,493916.931919173,满仓沪深300指数,522974.660364495,满仓中证1000指数,505943.6167952952,满仓中证1000指数,548584.9659087426,空仓
1789,2017-05-18,501285.4611493033,空仓,490573.4124939659,满仓中证1000指数,519434.43766140717,满仓中证1000指数,502518.6839746252,满仓中证1000指数,547229.9182144414,7.5%多IM + 7.5%空IF
1790,2017-05-19,501285.4611493033,空仓,489980.6747628083,满仓中证1000指数,520311.31724566716,满仓沪深300指数,502518.6839746252,空仓,547229.9182144414,空仓
1791,2017-05-22,502373.714093988,满仓沪深300指数,481021.76276550296,满仓中证1000指数,521440.87388959446,满仓沪深300指数,502518.6839746252,空仓,552826.750399308,5%多IF + 5%空IM
1792,2017-05-23,504281.6433685363,满仓沪深300指数,482848.60098798096,满仓沪深300指数,523421.21696951496,满仓沪深300指数,504427.1638199367,满仓沪深300指数,567591.7780469458,7.5%多IF + 7.5%空IM
1793,2017-05-24,504277.6523468433,满仓沪深300指数,482844.7795931982,满仓沪深300指数,523417.0744720455,满仓沪深300指数,504423.17164655536,满仓沪深300指数,565566.4784929001,7.5%多IF + 7.5%空IM
1794,2017-05-25,513333.47201964894,满仓沪深300指数,491515.7076694322,满仓沪深300指数,523417.0744720455,空仓,504423.17164655536,空仓,568259.7682297588,5%多IF + 5%空IM
1795,2017-05-26,512564.1915430462,满仓沪深300指数,490779.1232492384,满仓沪深300指数,522632.68272971944,满仓沪深300指数,503667.2441276133,满仓沪深300指数,567579.4065038073,7.5%多IF + 7.5%空IM
1796,2017-05-31,514397.70519908855,满仓沪深300指数,492534.70867526875,满仓沪深300指数,522632.68272971944,空仓,503667.2441276133,空仓,569404.4448175774,5%多IF + 5%空IM
1797,2017-06-01,515112.5104386334,满仓沪深300指数,493219.13317184086,满仓沪深300指数,523358.93126503885,满仓沪深300指数,504367.1383562436,满仓沪深300指数,581625.9523427258,7.5%多IF + 7.5%空IM
1798,2017-06-02,513458.54857772734,满仓沪深300指数,491635.4682077717,满仓沪深300指数,521678.49117799883,满仓沪深300指数,502747.6785414835,满仓沪深300指数,575368.1979879913,7.5%多IF + 7.5%空IM
1799,2017-06-05,510843.9728312283,满仓沪深300指数,489132.0174913403,满仓沪深300指数,526539.0520315804,满仓中证1000指数,507431.85802534496,满仓中证1000指数,575368.1979879913,空仓
1800,2017-06-06,514397.2781155863,满仓沪深300指数,491665.6372246746,满仓中证1000指数,529266.4337708507,满仓中证1000指数,510060.2677855755,满仓中证1000指数,574601.8392591019,7.5%多IM + 7.5%空IF
1801,2017-06-07,520433.91196810885,满仓沪深300指数,501910.6819097143,满仓中证1000指数,535477.5624199162,满仓沪深300指数,510060.2677855755,空仓,571986.8063964766,5%多IF + 5%空IM
1802,2017-06-08,524425.9350983585,满仓沪深300指数,501561.26517110755,满仓中证1000指数,535104.7773204917,满仓中证1000指数,509705.17752412806,满仓中证1000指数,568397.5577142165,7.5%多IM + 7.5%空IF
1803,2017-06-09,526663.2193881979,满仓沪深300指数,501973.7588991634,满仓中证1000指数,537387.6192464781,满仓沪深300指数,511879.6607252889,满仓沪深300指数,569376.2642236241,5%多IF + 5%空IM
1804,2017-06-12,526400.9459367886,满仓沪深300指数,495019.2988065442,满仓中证1000指数,537387.6192464781,空仓,511879.6607252889,空仓,569376.2642236241,空仓
1805,2017-06-13,527561.1403610698,满仓沪深300指数,496110.3276787756,满仓沪深300指数,538572.0284393947,满仓沪深300指数,513007.85005104996,满仓沪深300指数,564055.5778499474,7.5%多IF + 7.5%空IM
1806,2017-06-14,520644.0517782138,满仓沪深300指数,489605.60467913403,满仓沪深300指数,539295.6494984975,满仓中证1000指数,513697.12328504556,满仓中证1000指数,564055.5778499474,空仓
1807,2017-06-15,527187.1901062862,满仓中证1000指数,488704.5710480571,满仓沪深300指数,539295.6494984975,空仓,520152.95683371875,满仓中证1000指数,568118.9547688566,5%多IM + 5%空IF
1808,2017-06-16,526307.9257744548,满仓中证1000指数,487889.48960034805,满仓中证1000指数,538396.1901834481,满仓中证1000指数,519285.4244834955,满仓中证1000指数,568619.5738859777,7.5%多IM + 7.5%空IF
1809,2017-06-19,529617.7608695509,满仓中证1000指数,490957.7195777544,满仓中证1000指数,538396.1901834481,空仓,519285.4244834955,空仓,567071.2185833538,7.5%多IM + 7.5%空IF
1810,2017-06-20,530610.5890658969,满仓中证1000指数,491878.07516856806,满仓中证1000指数,537309.7061528157,满仓沪深300指数,519285.4244834955,空仓,568174.913178614,5%多IM + 5%空IF
1811,2017-06-21,530638.2729095817,满仓中证1000指数,491903.73819909454,满仓中证1000指数,537337.7395132913,满仓中证1000指数,519312.5174530203,满仓中证1000指数,563215.3738049503,7.5%多IM + 7.5%空IF
1812,2017-06-22,521287.9574757672,满仓中证1000指数,492231.0611936556,满仓沪深300指数,537695.2952387916,满仓沪深300指数,519658.0788202668,满仓沪深300指数,568364.9378004544,5%多IF + 5%空IM
1813,2017-06-23,526012.5827473217,满仓沪深300指数,496692.3330834205,满仓沪深300指数,542568.6262717634,满仓沪深300指数,524367.9318996482,满仓沪深300指数,571956.4344967436,7.5%多IF + 7.5%空IM
1814,2017-06-26,532576.5256056786,满仓沪深300指数,502890.39791965595,满仓沪深300指数,549339.1667044355,满仓沪深300指数,530911.3516858577,满仓沪深300指数,572341.4321433936,7.5%多IF + 7.5%空IM
1815,2017-06-27,533428.4872280164,满仓中证1000指数,503798.44331855705,满仓沪深300指数,549339.1667044355,空仓,530911.3516858577,空仓,572341.4321433936,空仓
1816,2017-06-28,529284.3193995878,满仓沪深300指数,499884.4691855619,满仓沪深300指数,545071.3899432382,满仓沪深300指数,530911.3516858577,空仓,571910.6543806957,7.5%多IF + 7.5%空IM
1817,2017-06-29,532573.8758195303,满仓沪深300指数,502120.35320935235,满仓中证1000指数,545071.3899432382,空仓,530911.3516858577,空仓,571910.6543806957,空仓
1818,2017-06-30,532279.1682147695,满仓沪深300指数,502732.48619844293,满仓中证1000指数,545071.3899432382,空仓,530911.3516858577,空仓,571910.6543806957,空仓
1819,2017-07-03,529963.6333479669,满仓沪深300指数,500545.48608650715,满仓沪深300指数,545071.3899432382,空仓,530911.3516858577,空仓,567934.061340708,5%多IF + 5%空IM
1820,2017-07-04,525483.6190441296,满仓沪深300指数,499654.863690483,满仓中证1000指数,544101.5424452396,满仓中证1000指数,529966.6991952085,满仓中证1000指数,570776.9121915431,7.5%多IM + 7.5%空IF
1821,2017-07-05,531245.8770748775,满仓沪深300指数,503931.1767516215,满仓中证1000指数,548758.2539107472,满仓中证1000指数,534502.4371263833,满仓中证1000指数,569746.4767467063,7.5%多IM + 7.5%空IF
1822,2017-07-06,531306.4386021685,满仓沪深300指数,504840.8922620652,满仓中证1000指数,548820.8118324263,满仓沪深300指数,534502.4371263833,空仓,569264.6881438382,5%多IF + 5%空IM
1823,2017-07-07,532815.7633316651,满仓中证1000指数,506275.0341955923,满仓中证1000指数,548820.8118324263,空仓,534502.4371263833,空仓,570963.6801709548,7.5%多IM + 7.5%空IF
1824,2017-07-10,529631.3013240143,满仓中证1000指数,505964.49160271895,满仓沪深300指数,548820.8118324263,空仓,534502.4371263833,空仓,570963.6801709548,空仓
1825,2017-07-11,523078.21802509413,满仓中证1000指数,508335.52757447306,满仓沪深300指数,551392.679836009,满仓沪深300指数,534502.4371263833,空仓,575833.7394664696,5%多IF + 5%空IM
1826,2017-07-12,522398.49420977704,满仓中证1000指数,506675.8383991835,满仓沪深300指数,549592.4112881381,满仓沪深300指数,532757.3143463617,满仓沪深300指数,575267.8447797584,5%多IF + 5%空IM
1827,2017-07-13,522396.1598061667,满仓中证1000指数,510566.7120570221,满仓沪深300指数,549592.4112881381,空仓,532757.3143463617,空仓,575267.8447797584,空仓
1828,2017-07-14,524687.7672033495,满仓沪深300指数,512806.4269403385,满仓沪深300指数,552003.3211149077,满仓沪深300指数,535094.3732614049,满仓沪深300指数,579534.1298363709,7.5%多IF + 7.5%空IM
1829,2017-07-17,519085.87918537454,满仓沪深300指数,507331.3913893299,满仓沪深300指数,546109.7955103026,满仓沪深300指数,529381.3779422342,满仓沪深300指数,597385.3781015687,7.5%多IF + 7.5%空IM
1830,2017-07-18,519599.24684985494,满仓沪深300指数,507833.1340526515,满仓沪深300指数,546649.8893974856,满仓沪深300指数,529904.9276909581,满仓沪深300指数,593946.9071410239,7.5%多IF + 7.5%空IM
1831,2017-07-19,528464.1480308857,满仓沪深300指数,516497.29316589754,满仓沪深300指数,546649.8893974856,空仓,536851.8653185199,满仓中证1000指数,595120.3247852392,5%多IF + 5%空IM
1832,2017-07-20,531034.0610050646,满仓沪深300指数,519009.01151004864,满仓沪深300指数,546649.8893974856,空仓,536851.8653185199,空仓,594828.3390595675,5%多IF + 5%空IM
1833,2017-07-21,528301.3473446172,满仓沪深300指数,516338.17903469957,满仓沪深300指数,547238.9438833751,满仓中证1000指数,536851.8653185199,空仓,592977.3536966885,5%多IF + 5%空IM
1834,2017-07-24,530408.4047906558,满仓沪深300指数,519181.6990530287,满仓中证1000指数,550252.6371466755,满仓中证1000指数,539808.3560215015,满仓中证1000指数,593652.7811268818,7.5%多IM + 7.5%空IF
1835,2017-07-25,527020.676950443,满仓沪深300指数,518198.844214427,满仓中证1000指数,550252.6371466755,空仓,539808.3560215015,空仓,593652.7811268818,空仓
1836,2017-07-26,525012.8584954073,满仓沪深300指数,518984.4175844037,满仓中证1000指数,551086.8030722232,满仓中证1000指数,540626.688740912,满仓中证1000指数,596024.0032459714,7.5%多IM + 7.5%空IF
1837,2017-07-27,525977.2364857894,满仓沪深300指数,525622.2188917459,满仓中证1000指数,551086.8030722232,空仓,547541.2943046232,满仓中证1000指数,599288.1633977112,5%多IM + 5%空IF
1838,2017-07-28,527351.1524253365,满仓沪深300指数,525842.4100989597,满仓中证1000指数,551317.661784216,满仓中证1000指数,547770.6677486275,满仓中证1000指数,598302.3919606195,7.5%多IM + 7.5%空IF
1839,2017-07-31,529615.5980370035,满仓沪深300指数,530024.932433406,满仓中证1000指数,551317.661784216,空仓,547770.6677486275,空仓,598302.3919606195,空仓
1840,2017-08-01,530183.0049165302,满仓中证1000指数,530592.7778558182,满仓中证1000指数,551908.3193012158,满仓中证1000指数,547770.6677486275,空仓,594880.4031250293,7.5%多IM + 7.5%空IF
1841,2017-08-02,525671.208952994,满仓中证1000指数,526077.4947720305,满仓中证1000指数,550513.2747833392,满仓沪深300指数,546386.0818665667,满仓沪深300指数,594880.4031250293,空仓
1842,2017-08-03,528132.3741736573,满仓中证1000指数,521457.7209441309,满仓沪深300指数,545678.9170242082,满仓沪深300指数,541587.9672427325,满仓沪深300指数,590875.8187201965,5%多IF + 5%空IM
1843,2017-08-04,525645.2935639352,满仓中证1000指数,518625.5477011893,满仓沪深300指数,543109.2062470787,满仓中证1000指数,539037.5215634732,满仓中证1000指数,591195.8055373151,7.5%多IM + 7.5%空IF
1844,2017-08-07,529631.4403569141,满仓中证1000指数,521313.4181448038,满仓沪深300指数,543109.2062470787,空仓,539037.5215634732,空仓,591195.8055373151,空仓
1845,2017-08-08,531446.3996959628,满仓中证1000指数,522071.3155827981,满仓沪深300指数,543109.2062470787,空仓,539037.5215634732,空仓,591195.8055373151,空仓
1846,2017-08-09,533203.1045411867,满仓中证1000指数,523797.030932759,满仓中证1000指数,543109.2062470787,空仓,539037.5215634732,空仓,592800.3295964767,7.5%多IM + 7.5%空IF
1847,2017-08-10,529350.9167631319,满仓中证1000指数,520012.7984263169,满仓中证1000指数,543109.2062470787,空仓,539037.5215634732,空仓,591390.3806265442,7.5%多IM + 7.5%空IF
1848,2017-08-11,521324.1176292825,满仓中证1000指数,512127.597611851,满仓中证1000指数,533087.1223999296,满仓沪深300指数,529090.5731860029,满仓沪深300指数,591390.3806265442,空仓
1849,2017-08-14,521324.1176292825,空仓,522347.38671159284,满仓中证1000指数,543725.1703944544,满仓中证1000指数,539648.8678333472,满仓中证1000指数,594485.5291451681,7.5%多IM + 7.5%空IF
1850,2017-08-15,523601.1397303628,满仓中证1000指数,524628.8782132571,满仓中证1000指数,546100.0350669961,满仓中证1000指数,542005.9281674583,满仓中证1000指数,595060.4371503984,7.5%多IM + 7.5%空IF
1851,2017-08-16,526188.4045670284,满仓中证1000指数,527221.2214033416,满仓中证1000指数,545416.9194468604,满仓沪深300指数,542005.9281674583,空仓,596902.8001608824,5%多IM + 5%空IF
1852,2017-08-17,531058.4036759995,满仓中证1000指数,532100.7794783198,满仓中证1000指数,550464.8830444422,满仓中证1000指数,547022.3222276894,满仓中证1000指数,598644.5911635584,7.5%多IM + 7.5%空IF
1853,2017-08-18,528397.0828758781,满仓中证1000指数,529434.2349657308,满仓中证1000指数,550464.8830444422,空仓,544281.0006061913,满仓中证1000指数,595984.6219571737,7.5%多IM + 7.5%空IF
1854,2017-08-21,532281.5964444055,满仓中证1000指数,531753.8995202514,满仓沪深300指数,552876.6913359653,满仓沪深300指数,546665.714818877,满仓沪深300指数,595099.5544196313,5%多IF + 5%空IM
1855,2017-08-22,529028.8113507305,满仓中证1000指数,533360.6630553202,满仓沪深300指数,552876.6913359653,空仓,546665.714818877,空仓,595099.5544196313,空仓
1856,2017-08-23,525496.0949941747,满仓中证1000指数,533899.4396283015,满仓沪深300指数,553435.1821090435,满仓沪深300指数,547217.9315472523,满仓沪深300指数,597387.0853788299,5%多IF + 5%空IM
1857,2017-08-24,522496.16491624515,满仓沪深300指数,530851.5368887989,满仓沪深300指数,550275.7545418192,满仓沪深300指数,544093.9967594036,满仓沪深300指数,597707.6332083308,7.5%多IF + 7.5%空IM
1858,2017-08-25,527608.5472409022,满仓中证1000指数,539537.6602762224,满仓沪深300指数,559279.7090731951,满仓沪深300指数,544093.9967594036,空仓,599673.5196336805,5%多IF + 5%空IM
1859,2017-08-28,534135.6234808888,满仓沪深300指数,546212.312272258,满仓沪深300指数,566198.5911111912,满仓沪深300指数,550825.0154609375,满仓沪深300指数,600278.9487089308,7.5%多IF + 7.5%空IM
1860,2017-08-29,532999.3986114106,满仓沪深300指数,545050.3976087603,满仓沪深300指数,566198.5911111912,空仓,550825.0154609375,空仓,600402.0142285022,5%多IF + 5%空IM
1861,2017-08-30,532966.4417935115,满仓沪深300指数,545016.6956444678,满仓沪深300指数,566163.5814959634,满仓沪深300指数,550825.0154609375,空仓,598536.0948338372,7.5%多IF + 7.5%空IM
1862,2017-08-31,531269.5757206822,满仓沪深300指数,543281.4638035052,满仓沪深300指数,566163.5814959634,空仓,550825.0154609375,空仓,596586.3375728875,5%多IF + 5%空IM
1863,2017-09-01,532443.4972962517,满仓沪深300指数,547528.347948098,满仓中证1000指数,566163.5814959634,空仓,555130.8682839454,满仓中证1000指数,598258.9998543146,5%多IM + 5%空IF
1864,2017-09-04,534539.3340751799,满仓沪深300指数,551650.6572583274,满仓中证1000指数,570426.1944033317,满仓中证1000指数,559310.4165307141,满仓中证1000指数,599871.015098035,7.5%多IM + 7.5%空IF
1865,2017-09-05,536128.1140172695,满仓沪深300指数,551817.52103987,满仓中证1000指数,570598.7374260522,满仓中证1000指数,559479.5972430554,满仓中证1000指数,598669.8811345615,7.5%多IM + 7.5%空IF
1866,2017-09-06,540097.078804774,满仓中证1000指数,555902.6347521957,满仓中证1000指数,569474.9362426242,满仓沪深300指数,559479.5972430554,空仓,601475.4061888118,5%多IM + 5%空IF
1867,2017-09-07,537699.3972620674,满仓中证1000指数,553434.7867685759,满仓中证1000指数,566946.8360227811,满仓中证1000指数,556995.8698605648,满仓中证1000指数,601767.147825495,7.5%多IM + 7.5%空IF
1868,2017-09-08,538757.6068840211,满仓中证1000指数,554523.9641406626,满仓中证1000指数,566946.8360227811,空仓,556995.8698605648,空仓,603112.8153991498,7.5%多IM + 7.5%空IF
1869,2017-09-11,544386.1862474617,满仓中证1000指数,560317.259866262,满仓中证1000指数,566946.8360227811,空仓,556995.8698605648,空仓,607879.1987487066,7.5%多IM + 7.5%空IF
1870,2017-09-12,542924.5199027823,满仓中证1000指数,558812.8188981047,满仓中证1000指数,566946.8360227811,空仓,555500.3467601116,满仓中证1000指数,605190.6112802072,7.5%多IM + 7.5%空IF
1871,2017-09-13,544940.1883699113,满仓中证1000指数,559493.073801359,满仓沪深300指数,567636.9926406079,满仓沪深300指数,556176.5693195513,满仓沪深300指数,604435.5479012252,5%多IF + 5%空IM
1872,2017-09-14,544109.5563262836,满仓中证1000指数,558640.2593362022,满仓中证1000指数,566771.7647031232,满仓中证1000指数,556176.5693195513,空仓,605237.0094976688,7.5%多IM + 7.5%空IF
1873,2017-09-15,541628.4782404685,满仓中证1000指数,556092.922886809,满仓中证1000指数,566771.7647031232,空仓,556176.5693195513,空仓,603008.2025472512,7.5%多IM + 7.5%空IF
1874,2017-09-18,545828.979433465,满仓中证1000指数,560405.6004505724,满仓中证1000指数,568524.2128251109,满仓沪深300指数,557896.257287614,满仓沪深300指数,603008.2025472512,空仓
1875,2017-09-19,543356.2451257393,满仓中证1000指数,557866.830603808,满仓中证1000指数,568524.2128251109,空仓,555368.8553585724,满仓中证1000指数,602256.9832859478,7.5%多IM + 7.5%空IF
1876,2017-09-20,548145.6562244758,满仓中证1000指数,562784.1451908385,满仓中证1000指数,570055.146362585,满仓沪深300指数,555368.8553585724,空仓,604100.3940636154,5%多IM + 5%空IF
1877,2017-09-21,542037.3439857283,满仓中证1000指数,556512.7075851477,满仓中证1000指数,570055.146362585,空仓,549180.0507266576,满仓中证1000指数,599595.9967855212,7.5%多IM + 7.5%空IF
1878,2017-09-22,539508.8630683804,满仓中证1000指数,556500.0629226965,满仓沪深300指数,570042.1939990431,满仓沪深300指数,549167.572671311,满仓沪深300指数,600987.6744714326,5%多IF + 5%空IM
1879,2017-09-25,536705.848747772,满仓沪深300指数,553608.7709485106,满仓沪深300指数,567080.5439826878,满仓沪深300指数,546314.3765961683,满仓沪深300指数,605417.468017208,7.5%多IF + 7.5%空IM
1880,2017-09-26,536705.848747772,空仓,554042.3581640548,满仓沪深300指数,567524.6823109759,满仓沪深300指数,546742.2508311704,满仓沪深300指数,604925.0301302266,7.5%多IF + 7.5%空IM
1881,2017-09-27,536705.848747772,空仓,554103.0293426053,满仓沪深300指数,567524.6823109759,空仓,546742.2508311704,空仓,602459.3595677832,5%多IF + 5%空IM
1882,2017-09-28,536705.848747772,空仓,554297.1365118396,满仓沪深300指数,564483.044612039,满仓中证1000指数,543811.9961769447,满仓中证1000指数,600739.4014417357,5%多IM + 5%空IF
1883,2017-09-29,536705.848747772,空仓,559592.3093515817,满仓中证1000指数,564483.044612039,空仓,545798.3943676705,满仓沪深300指数,600739.4014417357,空仓
1884,2017-10-09,543099.9137086312,满仓沪深300指数,566627.3117503317,满仓中证1000指数,571579.5316554381,满仓中证1000指数,552659.984402851,满仓中证1000指数,601035.9202846814,7.5%多IM + 7.5%空IF
1885,2017-10-10,544170.9608235109,满仓沪深300指数,570428.9300264692,满仓中证1000指数,571579.5316554381,空仓,552659.984402851,空仓,601035.9202846814,空仓
1886,2017-10-11,545964.8433823615,满仓沪深300指数,568049.3777095918,满仓中证1000指数,569195.1795876577,满仓中证1000指数,552659.984402851,空仓,598791.6352308585,5%多IM + 5%空IF
1887,2017-10-12,547401.1133525877,满仓沪深300指数,566552.9048069138,满仓中证1000指数,570692.5616142632,满仓沪深300指数,554113.8672837081,满仓沪深300指数,600367.986200007,5%多IF + 5%空IM
1888,2017-10-13,548526.99915414,满仓沪深300指数,567718.1817049523,满仓沪深300指数,571866.3528918107,满仓沪深300指数,555253.559769529,满仓沪深300指数,599463.4431914327,7.5%多IF + 7.5%空IM
1889,2017-10-16,547470.0254369114,满仓沪深300指数,556834.8803096485,满仓中证1000指数,560903.5300037649,满仓中证1000指数,555253.559769529,空仓,594295.072507437,5%多IM + 5%空IF
1890,2017-10-17,547417.2292115282,满仓沪深300指数,556781.1809681758,满仓沪深300指数,560849.4382949729,满仓沪深300指数,555200.0129254567,满仓沪深300指数,595079.6236884508,7.5%多IF + 7.5%空IM
1891,2017-10-18,551767.0842004457,满仓沪深300指数,561205.4432466177,满仓沪深300指数,560849.4382949729,空仓,555200.0129254567,空仓,600295.2615707498,5%多IF + 5%空IM
1892,2017-10-19,549960.6111267979,满仓沪深300指数,559368.0691968794,满仓沪深300指数,559013.2297974715,满仓沪深300指数,553382.3005200635,满仓沪深300指数,603143.6807750864,7.5%多IF + 7.5%空IM
1893,2017-10-20,549345.4245843436,满仓沪深300指数,558742.3594615158,满仓沪深300指数,558387.9169858492,满仓沪深300指数,552763.2864721032,满仓沪深300指数,597002.6041609474,7.5%多IF + 7.5%空IM
1894,2017-10-23,549897.4627003592,满仓沪深300指数,559303.8405727651,满仓沪深300指数,558387.9169858492,空仓,555766.1065203664,满仓中证1000指数,595680.9961983365,5%多IF + 5%空IM
1895,2017-10-24,553898.0568088011,满仓沪深300指数,563372.8676208924,满仓沪深300指数,555478.0801527038,满仓中证1000指数,555766.1065203664,空仓,599399.9227241254,5%多IF + 5%空IM
1896,2017-10-25,556353.7248043165,满仓沪深300指数,565870.5415223481,满仓沪深300指数,557940.7530703527,满仓沪深300指数,558230.0563826159,满仓沪深300指数,598677.8257815961,7.5%多IF + 7.5%空IM
1897,2017-10-26,558679.6405501161,满仓沪深300指数,568072.9370698807,满仓中证1000指数,557940.7530703527,空仓,558230.0563826159,空仓,598677.8257815961,空仓
1898,2017-10-27,562651.5842426638,满仓沪深300指数,572111.6625854195,满仓沪深300指数,557940.7530703527,空仓,558230.0563826159,空仓,603076.5340231255,5%多IF + 5%空IM
1899,2017-10-30,560938.462841507,满仓沪深300指数,570369.7378126569,满仓沪深300指数,556241.9748718538,满仓沪深300指数,556530.3973340322,满仓沪深300指数,613111.2604952202,7.5%多IF + 7.5%空IM
1900,2017-10-31,560518.2334259577,满仓沪深300指数,569942.4429176806,满仓沪深300指数,555825.2638500774,满仓沪深300指数,556113.4702393515,满仓沪深300指数,609313.853596763,7.5%多IF + 7.5%空IM
1901,2017-11-01,559105.8854338463,满仓沪深300指数,568506.3485734273,满仓沪深300指数,556109.4352371754,满仓中证1000指数,556397.7889749326,满仓中证1000指数,609313.853596763,空仓
1902,2017-11-02,559177.5394525036,满仓沪深300指数,568579.2073387679,满仓沪深300指数,556109.4352371754,空仓,556397.7889749326,空仓,613066.8432282523,5%多IF + 5%空IM
1903,2017-11-03,558556.9110097646,满仓沪深300指数,567948.1440303779,满仓沪深300指数,555492.2120684453,满仓沪深300指数,555780.2457637854,满仓沪深300指数,616541.8517021161,7.5%多IF + 7.5%空IM
1904,2017-11-06,562500.7778543147,满仓沪深300指数,573597.4155963538,满仓中证1000指数,559414.4396416784,满仓沪深300指数,559704.507089567,满仓沪深300指数,615652.1836438109,5%多IF + 5%空IM
1905,2017-11-07,567167.2283325393,满仓沪深300指数,578355.9226770522,满仓沪深300指数,559414.4396416784,空仓,559704.507089567,空仓,616379.0315366616,5%多IF + 5%空IM
1906,2017-11-08,566294.1740575766,满仓沪深300指数,577465.6453734292,满仓沪深300指数,558553.3194224426,满仓沪深300指数,559704.507089567,空仓,614367.7094027281,7.5%多IF + 7.5%空IM
1907,2017-11-09,570196.4082665301,满仓沪深300指数,581444.8602393102,满仓沪深300指数,558553.3194224426,空仓,559704.507089567,空仓,614905.9651979621,5%多IF + 5%空IM
1908,2017-11-10,575234.2089839691,满仓沪深300指数,582455.0857023658,满仓中证1000指数,558553.3194224426,空仓,559704.507089567,空仓,614905.9651979621,空仓
1909,2017-11-13,577495.1996417975,满仓沪深300指数,583340.8384482528,满仓中证1000指数,560748.7448985175,满仓沪深300指数,561904.4573740071,满仓沪深300指数,615646.875800322,5%多IF + 5%空IM
1910,2017-11-14,573477.1047177872,满仓沪深300指数,579229.3582644233,满仓中证1000指数,560748.7448985175,空仓,561904.4573740071,空仓,615646.875800322,空仓
1911,2017-11-15,569884.4153098543,满仓沪深300指数,575600.6324389618,满仓沪深300指数,557235.7954542673,满仓沪深300指数,561904.4573740071,空仓,617056.634322643,7.5%多IF + 7.5%空IM
1912,2017-11-16,574269.0760774558,满仓沪深300指数,580029.2734810044,满仓沪深300指数,561523.1384048603,满仓沪深300指数,561904.4573740071,空仓,621893.1713233527,7.5%多IF + 7.5%空IM
1913,2017-11-17,576484.8108293185,满仓沪深300指数,582267.2331272524,满仓沪深300指数,563689.6947868215,满仓沪深300指数,564072.4850204447,满仓沪深300指数,639967.207776371,7.5%多IF + 7.5%空IM
1914,2017-11-20,579699.9526668648,满仓沪深300指数,585514.624397053,满仓沪深300指数,566833.4763523681,满仓沪深300指数,567218.4014642604,满仓沪深300指数,641337.3564085282,7.5%多IF + 7.5%空IM
1915,2017-11-21,590033.7016234689,满仓沪深300指数,595952.0258684596,满仓沪深300指数,566833.4763523681,空仓,567218.4014642604,空仓,647192.0803013379,5%多IF + 5%空IM
1916,2017-11-22,591413.7759293166,满仓沪深300指数,597345.9429890512,满仓沪深300指数,568159.2859023241,满仓沪深300指数,568545.111344579,满仓沪深300指数,647789.0791662975,7.5%多IF + 7.5%空IM
1917,2017-11-23,573903.1677385261,满仓沪深300指数,579659.6949039378,满仓沪深300指数,551337.1977969839,满仓沪深300指数,568545.111344579,空仓,644611.661940925,7.5%多IF + 7.5%空IM
1918,2017-11-24,574155.9293178114,满仓沪深300指数,579914.9918044746,满仓沪深300指数,551337.1977969839,空仓,569382.3153107478,满仓中证1000指数,644279.0062367355,5%多IF + 5%空IM
1919,2017-11-27,574155.9293178114,空仓,572248.7514315329,满仓沪深300指数,551337.1977969839,空仓,569382.3153107478,空仓,643346.3863719008,5%多IF + 5%空IM
1920,2017-11-28,574155.9293178114,空仓,573079.0174197739,满仓沪深300指数,552137.1235674426,满仓沪深300指数,578333.4157641742,满仓中证1000指数,638756.1620562555,5%多IF + 5%空IM
1921,2017-11-29,574155.9293178114,空仓,574372.551872434,满仓中证1000指数,553383.3886900827,满仓中证1000指数,579638.8102659372,满仓中证1000指数,640082.0718831662,7.5%多IM + 7.5%空IF
1922,2017-11-30,574155.9293178114,空仓,571214.6972654252,满仓中证1000指数,553383.3886900827,空仓,579638.8102659372,空仓,642084.7310500429,5%多IM + 5%空IF
1923,2017-12-01,574155.9293178114,空仓,576181.6236248075,满仓中证1000指数,553383.3886900827,空仓,584678.9874522273,满仓中证1000指数,647229.2960030439,7.5%多IM + 7.5%空IF
1924,2017-12-04,574155.9293178114,空仓,570110.8710847879,满仓中证1000指数,547552.8424269785,满仓中证1000指数,578518.7051685927,满仓中证1000指数,639599.072725389,7.5%多IM + 7.5%空IF
1925,2017-12-05,574155.9293178114,空仓,554684.4296926622,满仓中证1000指数,550456.6923788713,满仓沪深300指数,581586.7771134423,满仓沪深300指数,649948.4229996341,5%多IF + 5%空IM
1926,2017-12-06,574155.9293178114,空仓,551341.457429929,满仓沪深300指数,547139.1998444621,满仓沪深300指数,578081.6697763933,满仓沪深300指数,642083.9000732048,7.5%多IF + 7.5%空IM
1927,2017-12-07,574155.9293178114,空仓,545195.6758689214,满仓沪深300指数,546822.8512246099,满仓中证1000指数,577747.4306313135,满仓中证1000指数,645476.9198825449,5%多IM + 5%空IF
1928,2017-12-08,574155.9293178114,空仓,549633.2799219226,满仓沪深300指数,551914.1535923057,满仓中证1000指数,583126.6624152742,满仓中证1000指数,645854.9200469209,5%多IM + 5%空IF
1929,2017-12-11,574155.9293178114,空仓,556033.8746281322,满仓中证1000指数,551914.1535923057,空仓,583126.6624152742,空仓,644281.9524622757,5%多IM + 5%空IF
1930,2017-12-12,568957.4968025564,满仓中证1000指数,550999.5199766277,满仓中证1000指数,551914.1535923057,空仓,575462.920226862,满仓沪深300指数,645599.0119829436,5%多IM + 5%空IF
1931,2017-12-13,568957.4968025564,空仓,554425.9062190853,满仓中证1000指数,555346.2274768103,满仓中证1000指数,579041.4319340835,满仓中证1000指数,644501.5101200809,7.5%多IM + 7.5%空IF
1932,2017-12-14,568957.4968025564,空仓,554948.5780708648,满仓中证1000指数,555346.2274768103,空仓,579041.4319340835,空仓,646710.2083063729,5%多IM + 5%空IF
1933,2017-12-15,562556.4996360142,满仓沪深300指数,553108.0755113225,满仓中证1000指数,553504.4061018347,满仓中证1000指数,577121.0247474205,满仓中证1000指数,650558.3933399102,7.5%多IM + 7.5%空IF
1934,2017-12-18,562556.4996360142,空仓,549467.4736376889,满仓中证1000指数,549861.195548353,满仓中证1000指数,573322.3677090713,满仓中证1000指数,646803.2174454352,7.5%多IM + 7.5%空IF
1935,2017-12-19,562556.4996360142,空仓,556366.4054061119,满仓沪深300指数,556765.0707587952,满仓沪深300指数,580520.8136333583,满仓沪深300指数,650152.676419619,7.5%多IF + 7.5%空IM
1936,2017-12-20,556678.5072751159,满仓中证1000指数,555699.1511156434,满仓沪深300指数,556097.3383460598,满仓沪深300指数,579824.5907848197,满仓沪深300指数,653159.4399046967,5%多IF + 5%空IM
1937,2017-12-21,561838.372795614,满仓沪深300指数,560849.9389620199,满仓沪深300指数,561251.8169987707,满仓沪深300指数,585198.997870468,满仓沪深300指数,657015.5563632823,7.5%多IF + 7.5%空IM
1938,2017-12-22,560008.3108787605,满仓沪深300指数,559023.0966456846,满仓沪深300指数,559423.6656552742,满仓沪深300指数,583292.8439805962,满仓沪深300指数,656384.7701355203,7.5%多IF + 7.5%空IM
1939,2017-12-25,558204.7397714598,满仓沪深300指数,557222.6985340177,满仓沪深300指数,551721.8930232831,满仓中证1000指数,583292.8439805962,空仓,659846.1231385061,5%多IF + 5%空IM
1940,2017-12-26,558204.7397714598,空仓,558888.5317668731,满仓沪深300指数,553371.2814403559,满仓沪深300指数,585036.6146606959,满仓沪深300指数,659169.7538846827,7.5%多IF + 7.5%空IM
1941,2017-12-27,549609.8856941876,满仓沪深300指数,550283.149129019,满仓沪深300指数,553371.2814403559,空仓,585036.6146606959,空仓,655428.6628593862,5%多IF + 5%空IM
1942,2017-12-28,549609.8856941876,空仓,554100.8622825113,满仓沪深300指数,554482.6965746082,满仓中证1000指数,586211.6278379847,满仓中证1000指数,653813.2667796968,5%多IM + 5%空IF
1943,2017-12-29,549609.8856941876,空仓,555749.4888587318,满仓沪深300指数,554482.6965746082,空仓,586211.6278379847,空仓,651925.528595449,5%多IF + 5%空IM
1944,2018-01-02,507014.1820287304,满仓沪深300指数,507014.1820287304,满仓沪深300指数,505325.6205845875,满仓中证1000指数,505325.6205845875,满仓中证1000指数,500000.0,空仓
1945,2018-01-03,509990.13881645806,满仓沪深300指数,511859.8560400359,满仓中证1000指数,508291.6662375396,满仓沪深300指数,505325.6205845875,空仓,499078.0744948314,5%多IF + 5%空IM
1946,2018-01-04,512150.89632722834,满仓沪深300指数,512931.43464956357,满仓中证1000指数,509355.77484170947,满仓中证1000指数,506383.5197721777,满仓中证1000指数,498275.7960018575,7.5%多IM + 7.5%空IF
1947,2018-01-05,513383.71172824915,满仓沪深300指数,513074.6220643039,满仓中证1000指数,509355.77484170947,空仓,506383.5197721777,空仓,498275.7960018575,空仓
1948,2018-01-08,514200.8130328389,满仓中证1000指数,513891.2314219116,满仓中证1000指数,511990.5791826781,满仓沪深300指数,506383.5197721777,空仓,497383.57896030083,5%多IM + 5%空IF
1949,2018-01-09,517802.330265607,满仓沪深300指数,513065.59287139284,满仓中证1000指数,511990.5791826781,空仓,506383.5197721777,空仓,497383.57896030083,空仓
1950,2018-01-10,520090.8687588328,满仓沪深300指数,515333.1963374368,满仓沪深300指数,511990.5791826781,空仓,508621.5903825192,满仓沪深300指数,501005.4416041778,7.5%多IF + 7.5%空IM
1951,2018-01-11,519815.62118946854,满仓沪深300指数,515060.4666699402,满仓沪深300指数,511719.61852768,满仓沪深300指数,508352.4126966793,满仓沪深300指数,498879.21275920357,7.5%多IF + 7.5%空IM
1952,2018-01-12,522215.3019047846,满仓沪深300指数,517438.19565442373,满仓沪深300指数,508327.1093011836,满仓中证1000指数,504982.22678247275,满仓中证1000指数,498879.21275920357,空仓
1953,2018-01-15,522244.75607685326,满仓沪深300指数,517467.3803864569,满仓沪深300指数,508355.7801465034,满仓沪深300指数,505010.7089685462,满仓沪深300指数,509321.2274437244,7.5%多IF + 7.5%空IM
1954,2018-01-16,526352.4821292053,满仓沪深300指数,521537.5298995387,满仓沪深300指数,512354.26219476387,满仓沪深300指数,508982.8802958951,满仓沪深300指数,510596.4492758439,7.5%多IF + 7.5%空IM
1955,2018-01-17,525072.3936758044,满仓沪深300指数,520269.1514027965,满仓沪深300指数,512354.26219476387,空仓,508982.8802958951,空仓,510628.9395411422,5%多IF + 5%空IM
1956,2018-01-18,527952.3516735664,满仓沪深300指数,523122.7642028944,满仓沪深300指数,515164.4627935147,满仓沪深300指数,508982.8802958951,空仓,512047.2125376435,7.5%多IF + 7.5%空IM
1957,2018-01-19,529680.0743257232,满仓沪深300指数,524834.6820430314,满仓沪深300指数,516850.3371136748,满仓沪深300指数,508982.8802958951,空仓,514238.22728078236,7.5%多IF + 7.5%空IM
1958,2018-01-22,536008.7537211245,满仓沪深300指数,531105.4681254906,满仓沪深300指数,516850.3371136748,空仓,515064.26719956734,满仓沪深300指数,514608.6499764656,7.5%多IF + 7.5%空IM
1959,2018-01-23,541696.3259192848,满仓沪深300指数,536741.0117128497,满仓沪深300指数,517250.24960477895,满仓中证1000指数,520529.59810331266,满仓沪深300指数,517139.80916442117,5%多IF + 5%空IM
1960,2018-01-24,542595.2034725854,满仓沪深300指数,537631.6665396953,满仓沪深300指数,518108.5619406063,满仓沪深300指数,521393.352109341,满仓沪深300指数,514886.5784885951,7.5%多IF + 7.5%空IM
1961,2018-01-25,539529.1638296314,满仓沪深300指数,534593.6743267741,满仓沪深300指数,517392.75314421987,满仓中证1000指数,520673.00511021144,满仓中证1000指数,514886.5784885951,空仓
1962,2018-01-26,541534.0004296598,满仓沪深300指数,536580.1711397108,满仓沪深300指数,517392.75314421987,空仓,520184.8314389935,满仓中证1000指数,516084.5863037599,5%多IF + 5%空IM
1963,2018-01-29,531734.7098595597,满仓沪深300指数,526870.5222405092,满仓沪深300指数,508030.30882326915,满仓沪深300指数,510771.863260846,满仓沪深300指数,513662.84450673126,7.5%多IF + 7.5%空IM
1964,2018-01-30,526059.4359833498,满仓沪深300指数,521247.16447286156,满仓沪深300指数,506774.4118753582,满仓中证1000指数,509509.18894199695,满仓中证1000指数,513662.84450673126,空仓
1965,2018-01-31,526059.4359833498,空仓,508939.0332053194,满仓中证1000指数,494808.02354842826,满仓中证1000指数,497478.22473356995,满仓中证1000指数,502774.1532687421,7.5%多IM + 7.5%空IF
1966,2018-02-01,522368.4682117918,满仓沪深300指数,505368.18656564783,满仓沪深300指数,491336.3236926664,满仓沪深300指数,493987.7900622269,满仓沪深300指数,515928.8867861485,7.5%多IF + 7.5%空IM
1967,2018-02-02,522368.4682117918,空仓,508383.66233451903,满仓沪深300指数,494268.07289621275,满仓沪深300指数,496935.36027073936,满仓沪深300指数,519343.056839522,7.5%多IF + 7.5%空IM
1968,2018-02-05,522368.4682117918,空仓,508730.4775174033,满仓沪深300指数,494605.25853925286,满仓沪深300指数,497274.3655154447,满仓沪深300指数,521172.97832921625,7.5%多IF + 7.5%空IM
1969,2018-02-06,522368.4682117918,空仓,493821.3048699217,满仓沪深300指数,480110.04836843756,满仓沪深300指数,497274.3655154447,空仓,526406.2641081004,5%多IF + 5%空IM
1970,2018-02-07,522368.4682117918,空仓,482110.62090407225,满仓沪深300指数,468724.5188462706,满仓沪深300指数,485481.7942321874,满仓沪深300指数,516041.73772592656,7.5%多IF + 7.5%空IM
1971,2018-02-08,522368.4682117918,空仓,477534.1078345751,满仓沪深300指数,474810.79465909454,满仓中证1000指数,491785.659259506,满仓中证1000指数,521841.3818623446,5%多IM + 5%空IF
1972,2018-02-09,522368.4682117918,空仓,463357.06009039906,满仓中证1000指数,460714.596722875,满仓中证1000指数,477185.5110044658,满仓中证1000指数,526941.8318557865,7.5%多IM + 7.5%空IF
1973,2018-02-12,522368.4682117918,空仓,474895.4999792855,满仓中证1000指数,472187.23443164834,满仓中证1000指数,489068.304661475,满仓中证1000指数,531694.5529182015,7.5%多IM + 7.5%空IF
1974,2018-02-13,522368.4682117918,空仓,475872.15201823413,满仓中证1000指数,473158.31675458734,满仓中证1000指数,490074.10395195807,满仓中证1000指数,527847.6386446918,7.5%多IM + 7.5%空IF
1975,2018-02-14,522368.4682117918,空仓,476955.53734175646,满仓中证1000指数,476924.8211937734,满仓沪深300指数,493975.2639288683,满仓沪深300指数,529347.7066915459,5%多IF + 5%空IM
1976,2018-02-22,522368.4682117918,空仓,485867.4336123532,满仓中证1000指数,487236.66853830975,满仓沪深300指数,504655.768040316,满仓沪深300指数,530124.9410334077,5%多IF + 5%空IM
1977,2018-02-23,522368.4682117918,空仓,487309.1635186388,满仓中证1000指数,487236.66853830975,空仓,504655.768040316,空仓,529710.9444246658,5%多IM + 5%空IF
1978,2018-02-26,522368.4682117918,空仓,492974.5265414379,满仓沪深300指数,492901.1887483493,满仓沪深300指数,504655.768040316,空仓,526914.9610848478,5%多IF + 5%空IM
1979,2018-02-27,524154.80157809245,满仓中证1000指数,485859.80053748825,满仓沪深300指数,494586.75342794147,满仓中证1000指数,506381.52962778794,满仓中证1000指数,533969.793615785,7.5%多IM + 7.5%空IF
1980,2018-02-28,526918.4994745635,满仓中证1000指数,488421.58134095045,满仓中证1000指数,497194.5486173701,满仓中证1000指数,509051.51483832236,满仓中证1000指数,539568.0955855683,7.5%多IM + 7.5%空IF
1981,2018-03-01,534526.3370879487,满仓中证1000指数,495473.5866917213,满仓中证1000指数,504373.22120509145,满仓中证1000指数,516401.38254196075,满仓中证1000指数,542851.8531523005,7.5%多IM + 7.5%空IF
1982,2018-03-02,532422.5428780331,满仓中证1000指数,493523.4966951705,满仓中证1000指数,504373.22120509145,空仓,514368.9247130299,满仓中证1000指数,544529.9319581864,7.5%多IM + 7.5%空IF
1983,2018-03-05,535786.603494158,满仓中证1000指数,496641.7774302234,满仓中证1000指数,504373.22120509145,空仓,517618.915279605,满仓中证1000指数,546944.0019652719,7.5%多IM + 7.5%空IF
1984,2018-03-06,540730.1815226551,满仓中证1000指数,501224.1752784081,满仓中证1000指数,504373.22120509145,空仓,522394.8642862111,满仓中证1000指数,545780.8222539496,7.5%多IM + 7.5%空IF
1985,2018-03-07,536931.9703642658,满仓中证1000指数,497703.46324780537,满仓中证1000指数,504373.22120509145,空仓,522394.8642862111,空仓,545916.3723756926,7.5%多IM + 7.5%空IF
1986,2018-03-08,539873.0950438649,满仓中证1000指数,500429.7079485762,满仓中证1000指数,509489.41896406544,满仓沪深300指数,522394.8642862111,空仓,544642.7424341306,5%多IM + 5%空IF
1987,2018-03-09,548859.5344272314,满仓中证1000指数,504266.7651582774,满仓沪深300指数,509489.41896406544,空仓,522394.8642862111,空仓,544642.7424341306,空仓
1988,2018-03-12,557716.728891208,满仓中证1000指数,512404.3459427456,满仓中证1000指数,517711.2800743262,满仓中证1000指数,530824.9864025994,满仓中证1000指数,549365.5042133883,7.5%多IM + 7.5%空IF
1989,2018-03-13,554843.2771725069,满仓中证1000指数,509764.35135006724,满仓中证1000指数,515043.9432517819,满仓中证1000指数,528090.0855282067,满仓中证1000指数,550877.4256085329,7.5%多IM + 7.5%空IF
1990,2018-03-14,548675.6213152297,满仓中证1000指数,504097.79429370805,满仓中证1000指数,515043.9432517819,空仓,528090.0855282067,空仓,548093.2595833687,7.5%多IM + 7.5%空IF
1991,2018-03-15,547809.9292119932,满仓中证1000指数,503302.43641224626,满仓中证1000指数,515043.9432517819,空仓,531048.3324871695,满仓沪深300指数,546125.7227358968,5%多IM + 5%空IF
1992,2018-03-16,546354.8481657989,满仓中证1000指数,501965.57521883864,满仓中证1000指数,510047.096371354,满仓沪深300指数,525896.2144236284,满仓沪深300指数,546125.7227358968,空仓
1993,2018-03-19,547524.9562061903,满仓中证1000指数,504171.3826137458,满仓沪深300指数,510047.096371354,空仓,527022.5069622126,满仓中证1000指数,545510.6003530544,5%多IM + 5%空IF
1994,2018-03-20,547665.7047261695,满仓中证1000指数,504599.0731164739,满仓沪深300指数,510047.096371354,空仓,527022.5069622126,空仓,545510.6003530544,空仓
1995,2018-03-21,543555.5958750435,满仓中证1000指数,502538.2216427796,满仓沪深300指数,510047.096371354,空仓,527022.5069622126,空仓,545510.6003530544,空仓
1996,2018-03-22,543044.5887577332,满仓中证1000指数,497501.61592273036,满仓沪深300指数,510047.096371354,空仓,527022.5069622126,空仓,545510.6003530544,空仓
1997,2018-03-23,514000.8551079918,满仓中证1000指数,483219.6710594117,满仓沪深300指数,510047.096371354,空仓,498835.6846707962,满仓中证1000指数,538752.865895658,5%多IM + 5%空IF
1998,2018-03-26,514000.8551079918,空仓,480120.76491550606,满仓沪深300指数,506776.1449277567,满仓沪深300指数,495636.63243718864,满仓沪深300指数,529071.061527705,7.5%多IF + 7.5%空IM
1999,2018-03-27,514000.8551079918,空仓,492323.6016505862,满仓中证1000指数,519656.4596520637,满仓中证1000指数,508233.82328482956,满仓中证1000指数,535742.875910341,7.5%多IM + 7.5%空IF
2000,2018-03-28,514000.8551079918,空仓,489009.64313672006,满仓中证1000指数,516158.51654518076,满仓中证1000指数,504812.76892127126,满仓中证1000指数,540282.49879548,7.5%多IM + 7.5%空IF
2001,2018-03-29,514000.8551079918,空仓,492576.4899091564,满仓中证1000指数,519923.38777961157,满仓中证1000指数,508494.88403041667,满仓中证1000指数,537824.9539855395,7.5%多IM + 7.5%空IF
2002,2018-03-30,514000.8551079918,空仓,501006.3269728433,满仓中证1000指数,520517.2598036687,满仓沪深300指数,509075.70207611274,满仓沪深300指数,533530.0095836,5%多IF + 5%空IM
2003,2018-04-02,514000.8551079918,空仓,503748.1199984624,满仓中证1000指数,523365.82780732465,满仓中证1000指数,511861.6553352222,满仓中证1000指数,536908.310461638,7.5%多IM + 7.5%空IF
2004,2018-04-03,509014.3989334074,满仓中证1000指数,498861.1282776532,满仓中证1000指数,518288.5195933373,满仓中证1000指数,506895.95209482,满仓中证1000指数,535533.6840010408,7.5%多IM + 7.5%空IF
2005,2018-04-04,509014.3989334074,空仓,494392.74300636124,满仓中证1000指数,517266.4156882204,满仓沪深300指数,506895.95209482,空仓,535533.6840010408,空仓
2006,2018-04-09,509014.3989334074,空仓,495109.5729292614,满仓中证1000指数,517006.9949795829,满仓沪深300指数,506641.73240626167,满仓沪深300指数,535011.1524264377,5%多IF + 5%空IM
2007,2018-04-10,509014.3989334074,空仓,504650.04582445207,满仓沪深300指数,517006.9949795829,空仓,506641.73240626167,空仓,540081.2451704824,5%多IF + 5%空IM
2008,2018-04-11,511971.0458752621,满仓中证1000指数,506085.4787632163,满仓沪深300指数,518477.5761799726,满仓沪深300指数,508082.83052339434,满仓沪深300指数,539280.8016321369,5%多IF + 5%空IM
2009,2018-04-12,509534.7910922851,满仓中证1000指数,500982.91655629204,满仓沪深300指数,516010.3595570573,满仓中证1000指数,508082.83052339434,空仓,540716.3219835425,5%多IM + 5%空IF
2010,2018-04-13,509081.7446920559,满仓中证1000指数,497450.2519071841,满仓沪深300指数,515551.5554872172,满仓中证1000指数,507631.07511549874,满仓中证1000指数,543215.3762795466,7.5%多IM + 7.5%空IF
2011,2018-04-16,508799.1076001479,满仓中证1000指数,489446.97278010345,满仓沪深300指数,515551.5554872172,空仓,507349.24342082744,满仓中证1000指数,547434.3704079208,5%多IM + 5%空IF
2012,2018-04-17,497193.15823139646,满仓中证1000指数,478282.45480056584,满仓中证1000指数,503791.5795741542,满仓中证1000指数,495776.3661428195,满仓中证1000指数,544560.5411542186,7.5%多IM + 7.5%空IF
2013,2018-04-18,497193.15823139646,空仓,485320.378113351,满仓中证1000指数,506162.3816922528,满仓沪深300指数,498109.4493196923,满仓沪深300指数,541835.2674504665,5%多IF + 5%空IM
2014,2018-04-19,497193.15823139646,空仓,486471.42086353066,满仓中证1000指数,507362.8557834612,满仓中证1000指数,499290.8241316552,满仓中证1000指数,537883.1106683746,7.5%多IM + 7.5%空IF
2015,2018-04-20,497193.15823139646,空仓,476189.3808924084,满仓中证1000指数,500576.17216488457,满仓沪深300指数,492612.1151595381,满仓沪深300指数,539969.9811049424,5%多IF + 5%空IM
2016,2018-04-23,497193.15823139646,空仓,476882.1550258319,满仓沪深300指数,501304.424910114,满仓沪深300指数,493328.7815634676,满仓沪深300指数,544862.0454659808,7.5%多IF + 7.5%空IM
2017,2018-04-24,497193.15823139646,空仓,486652.31644337554,满仓沪深300指数,511574.93954162794,满仓沪深300指数,503435.8945619276,满仓沪深300指数,544382.9081484701,7.5%多IF + 7.5%空IM
2018,2018-04-25,497193.15823139646,空仓,484780.0131227725,满仓沪深300指数,513544.45288039884,满仓中证1000指数,503435.8945619276,空仓,544382.9081484701,空仓
2019,2018-04-26,497193.15823139646,空仓,475510.68660758605,满仓沪深300指数,513544.45288039884,空仓,494214.03302406496,满仓中证1000指数,544382.9081484701,空仓
2020,2018-04-27,497193.15823139646,空仓,475685.7224232903,满仓沪深300指数,513544.45288039884,空仓,494214.03302406496,空仓,544210.5231796495,5%多IF + 5%空IM
2021,2018-05-02,497193.15823139646,空仓,473478.4918420779,满仓中证1000指数,511161.55390366446,满仓中证1000指数,494214.03302406496,空仓,541581.1598037685,7.5%多IM + 7.5%空IF
2022,2018-05-03,497193.15823139646,空仓,477745.52596041077,满仓中证1000指数,511161.55390366446,空仓,498068.582134139,满仓沪深300指数,541581.1598037685,空仓
2023,2018-05-04,494780.99154103064,满仓沪深300指数,476725.01812222716,满仓中证1000指数,511161.55390366446,空仓,498068.582134139,空仓,541581.1598037685,空仓
2024,2018-05-07,502592.1016492918,满仓沪深300指数,485140.213359582,满仓中证1000指数,511161.55390366446,空仓,498068.582134139,空仓,541581.1598037685,空仓
2025,2018-05-08,508423.79841527843,满仓沪深300指数,487443.87223466014,满仓中证1000指数,513588.77353589085,满仓中证1000指数,498068.582134139,空仓,539724.9443644653,5%多IM + 5%空IF
2026,2018-05-09,507498.1645122234,满仓沪深300指数,487207.7247370114,满仓中证1000指数,512653.73630416597,满仓沪深300指数,497161.80088765355,满仓沪深300指数,539364.3718721243,5%多IF + 5%空IM
2027,2018-05-10,509649.9555242122,满仓中证1000指数,489905.9182425033,满仓沪深300指数,512653.73630416597,空仓,497161.80088765355,空仓,539364.3718721243,空仓
2028,2018-05-11,504598.13998314796,满仓中证1000指数,487361.64079977653,满仓沪深300指数,512653.73630416597,空仓,497161.80088765355,空仓,539364.3718721243,空仓
2029,2018-05-14,509347.9187676342,满仓沪深300指数,491949.17253725085,满仓沪深300指数,517479.34236083215,满仓沪深300指数,501841.58146391966,满仓沪深300指数,545917.1930068982,7.5%多IF + 7.5%空IM
2030,2018-05-15,511276.7810658454,满仓沪深300指数,493812.14709075284,满仓沪深300指数,519438.9977492314,满仓沪深300指数,503742.0178267549,满仓沪深300指数,543157.0939771618,7.5%多IF + 7.5%空IM
2031,2018-05-16,507204.7398839724,满仓沪深300指数,489879.2022093702,满仓沪深300指数,516437.72618066875,满仓中证1000指数,500831.44198908226,满仓中证1000指数,543157.0939771618,空仓
2032,2018-05-17,503453.18987900444,满仓沪深300指数,486255.8008904025,满仓沪深300指数,516437.72618066875,空仓,500831.44198908226,空仓,542435.4383672642,5%多IF + 5%空IM
2033,2018-05-18,508536.2544714928,满仓沪深300指数,491165.23377132654,满仓沪深300指数,516437.72618066875,空仓,500831.44198908226,空仓,543959.080830446,5%多IF + 5%空IM
2034,2018-05-21,510904.7465481874,满仓沪深300指数,496830.7404559898,满仓中证1000指数,518843.01912057196,满仓沪深300指数,503164.0491369118,满仓沪深300指数,542088.5799094711,5%多IF + 5%空IM
2035,2018-05-22,508945.9432497108,满仓沪深300指数,498852.60589029477,满仓中证1000指数,520954.4640871767,满仓中证1000指数,505211.6881332451,满仓中证1000指数,545301.8837734862,7.5%多IM + 7.5%空IF
2036,2018-05-23,502219.5633397842,满仓沪深300指数,493503.38892535033,满仓中证1000指数,515368.247989768,满仓中证1000指数,499794.2824684446,满仓中证1000指数,546321.5659836514,7.5%多IM + 7.5%空IF
2037,2018-05-24,502219.5633397842,空仓,491738.51677052234,满仓中证1000指数,515368.247989768,空仓,499794.2824684446,空仓,547283.9827310841,5%多IM + 5%空IF
2038,2018-05-25,502219.5633397842,空仓,485280.47195200203,满仓中证1000指数,515368.247989768,空仓,499794.2824684446,空仓,544456.6158274022,5%多IM + 5%空IF
2039,2018-05-28,502219.5633397842,空仓,481493.6824330453,满仓中证1000指数,517631.7238348961,满仓沪深300指数,501989.3581067151,满仓沪深300指数,547776.5105853465,5%多IF + 5%空IM
2040,2018-05-29,502219.5633397842,空仓,477819.53054280276,满仓沪深300指数,513681.8120375758,满仓沪深300指数,498158.8090958755,满仓沪深300指数,548036.396487877,7.5%多IF + 7.5%空IM
2041,2018-05-30,502219.5633397842,空仓,467690.77357514057,满仓沪深300指数,502792.85103816586,满仓沪深300指数,498158.8090958755,空仓,550927.4150995273,5%多IF + 5%空IM
2042,2018-05-31,502219.5633397842,空仓,477614.3600609145,满仓沪深300指数,513461.2426841354,满仓沪深300指数,508728.87441472616,满仓沪深300指数,554208.1390243606,7.5%多IF + 7.5%空IM
2043,2018-06-01,502219.5633397842,空仓,473621.63747386454,满仓沪深300指数,513461.2426841354,空仓,504476.0431822207,满仓沪深300指数,555026.3625201144,5%多IF + 5%空IM
2044,2018-06-04,502219.5633397842,空仓,478267.8055616365,满仓沪深300指数,518498.2322372117,满仓沪深300指数,504476.0431822207,空仓,558998.7190284345,5%多IF + 5%空IM
2045,2018-06-05,502219.5633397842,空仓,483008.0928131643,满仓沪深300指数,523637.25797056104,满仓沪深300指数,509476.0898681767,满仓沪深300指数,556354.2801607451,7.5%多IF + 7.5%空IM
2046,2018-06-06,502219.5633397842,空仓,482007.5758305605,满仓沪深300指数,523973.40482111333,满仓中证1000指数,509803.1460133117,满仓中证1000指数,557109.0790689766,5%多IM + 5%空IF
2047,2018-06-07,502219.5633397842,空仓,481211.42542934057,满仓沪深300指数,523973.40482111333,空仓,509803.1460133117,空仓,558658.2123647291,5%多IF + 5%空IM
2048,2018-06-08,495481.7814469598,满仓沪深300指数,474755.4888917103,满仓沪深300指数,516943.77320770547,满仓沪深300指数,509803.1460133117,空仓,557639.5351867187,7.5%多IF + 7.5%空IM
2049,2018-06-11,495481.7814469598,空仓,470623.158854991,满仓中证1000指数,516943.77320770547,空仓,509803.1460133117,空仓,555185.6615119347,5%多IM + 5%空IF
2050,2018-06-12,495481.7814469598,空仓,476346.8106486632,满仓沪深300指数,523230.76971239643,满仓沪深300指数,516003.2992276117,满仓沪深300指数,557053.9425138255,7.5%多IF + 7.5%空IM
2051,2018-06-13,490610.5249460625,满仓沪深300指数,471663.67680814594,满仓沪深300指数,523230.76971239643,空仓,516003.2992276117,空仓,559114.596383683,5%多IF + 5%空IM
2052,2018-06-14,488671.3622780921,满仓沪深300指数,469799.402506235,满仓沪深300指数,521162.67389347526,满仓沪深300指数,513963.7703477089,满仓沪深300指数,559674.5629079735,7.5%多IF + 7.5%空IM
2053,2018-06-15,488671.3622780921,空仓,467317.8245220896,满仓沪深300指数,518409.7844457812,满仓沪深300指数,513963.7703477089,空仓,564294.335508988,5%多IF + 5%空IM
2054,2018-06-19,488671.3622780921,空仓,450843.7931828785,满仓沪深300指数,500134.64365857217,满仓沪深300指数,495845.3618136749,满仓沪深300指数,578327.6777637431,7.5%多IF + 7.5%空IM
2055,2018-06-20,488671.3622780921,空仓,452627.56314624596,满仓沪深300指数,502113.4335820163,满仓沪深300指数,497807.18113170087,满仓沪深300指数,574880.3938142515,7.5%多IF + 7.5%空IM
2056,2018-06-21,488671.3622780921,空仓,447338.80410625867,满仓沪深300指数,490310.60916969966,满仓中证1000指数,486105.58074197924,满仓中证1000指数,571482.3564212379,5%多IM + 5%空IF
2057,2018-06-22,488671.3622780921,空仓,449323.3493500704,满仓沪深300指数,492485.79177958344,满仓沪深300指数,488262.1084328403,满仓沪深300指数,566749.6405459783,7.5%多IF + 7.5%空IM
2058,2018-06-25,488671.3622780921,空仓,443294.0026871963,满仓沪深300指数,489913.67157364753,满仓中证1000指数,485712.0473836577,满仓中证1000指数,569072.1793486028,5%多IM + 5%空IF
2059,2018-06-26,488671.3622780921,空仓,447015.7633649205,满仓中证1000指数,489913.67157364753,空仓,489789.9369731656,满仓中证1000指数,576175.7382773573,7.5%多IM + 7.5%空IF
2060,2018-06-27,488671.3622780921,空仓,443011.1032952647,满仓中证1000指数,485524.70393778407,满仓中证1000指数,485402.07783291774,满仓中证1000指数,581097.1976880665,7.5%多IM + 7.5%空IF
2061,2018-06-28,488671.3622780921,空仓,437778.67482221074,满仓中证1000指数,485524.70393778407,空仓,479668.9672313088,满仓中证1000指数,580452.0252434878,7.5%多IM + 7.5%空IF
2062,2018-06-29,488671.3622780921,空仓,451022.30519522063,满仓中证1000指数,485524.70393778407,空仓,479668.9672313088,空仓,581817.6585180328,5%多IM + 5%空IF
2063,2018-07-02,488671.3622780921,空仓,445357.44973440876,满仓中证1000指数,479426.4971777648,满仓中证1000指数,473644.3087230647,满仓中证1000指数,589140.8647714189,7.5%多IM + 7.5%空IF
2064,2018-07-03,488671.3622780921,空仓,450463.79220257077,满仓中证1000指数,484923.46570127533,满仓中证1000指数,479074.9803102991,满仓中证1000指数,594036.3932076886,7.5%多IM + 7.5%空IF
2065,2018-07-04,479866.8532566386,满仓中证1000指数,442347.67812582926,满仓中证1000指数,476186.48343045486,满仓中证1000指数,470443.3716020845,满仓中证1000指数,591959.4818325022,7.5%多IM + 7.5%空IF
2066,2018-07-05,479866.8532566386,空仓,430445.5179243895,满仓中证1000指数,473169.83344309905,满仓沪深300指数,470443.3716020845,空仓,591959.4818325022,空仓
2067,2018-07-06,479866.8532566386,空仓,433366.90966812574,满仓沪深300指数,476381.1909488555,满仓沪深300指数,473636.2248772699,满仓沪深300指数,593154.5336470443,7.5%多IF + 7.5%空IM
2068,2018-07-09,479866.8532566386,空仓,445480.2643729315,满仓沪深300指数,489696.869215755,满仓沪深300指数,473636.2248772699,空仓,595210.596023527,5%多IF + 5%空IM
2069,2018-07-10,479866.8532566386,空仓,446553.24944357184,满仓沪深300指数,490876.3545304354,满仓沪深300指数,474777.0264769168,满仓沪深300指数,593255.2796371821,7.5%多IF + 7.5%空IM
2070,2018-07-11,479866.8532566386,空仓,438828.16388577915,满仓沪深300指数,490876.3545304354,空仓,474777.0264769168,空仓,595022.4787840743,5%多IF + 5%空IM
2071,2018-07-12,479866.8532566386,空仓,448297.00794119516,满仓沪深300指数,501468.2719005101,满仓沪深300指数,474777.0264769168,空仓,593445.2026132955,5%多IF + 5%空IM
2072,2018-07-13,481626.95211812865,满仓中证1000指数,449941.31208083674,满仓中证1000指数,503307.6023907398,满仓中证1000指数,476518.4564133511,满仓中证1000指数,593590.2368174633,7.5%多IM + 7.5%空IF
2073,2018-07-16,481626.95211812865,空仓,450367.9957819402,满仓中证1000指数,503784.89386146166,满仓中证1000指数,476518.4564133511,空仓,596638.662923705,7.5%多IM + 7.5%空IF
2074,2018-07-17,478476.95119076985,满仓沪深300指数,451056.8203189402,满仓中证1000指数,504555.4179651098,满仓中证1000指数,477247.2773068984,满仓中证1000指数,600249.7307338752,7.5%多IM + 7.5%空IF
2075,2018-07-18,475972.5252577271,满仓沪深300指数,448552.52305278834,满仓中证1000指数,504555.4179651098,空仓,474597.56889323774,满仓中证1000指数,600154.3198546265,5%多IM + 5%空IF
2076,2018-07-19,475559.19912739535,满仓沪深300指数,443395.0236590362,满仓中证1000指数,498753.99198146164,满仓中证1000指数,474597.56889323774,空仓,596964.5859518289,5%多IM + 5%空IF
2077,2018-07-20,484513.2993300393,满仓沪深300指数,448284.9942652606,满仓中证1000指数,508144.81699097704,满仓沪深300指数,483533.5629726265,满仓沪深300指数,599292.77674757,5%多IF + 5%空IM
2078,2018-07-23,489070.9561415455,满仓沪深300指数,452501.8633593272,满仓沪深300指数,512924.76769530826,满仓沪深300指数,488082.0037273412,满仓沪深300指数,600187.3866613605,7.5%多IF + 7.5%空IM
2079,2018-07-24,496832.7539578238,满仓沪深300指数,459683.2915974575,满仓沪深300指数,521065.1372916174,满仓沪深300指数,488082.0037273412,空仓,600080.8870542459,7.5%多IF + 7.5%空IM
2080,2018-07-25,496284.3481262748,满仓沪深300指数,459175.8914798736,满仓沪深300指数,521065.1372916174,空仓,488082.0037273412,空仓,599042.7665743572,5%多IF + 5%空IM
2081,2018-07-26,494328.3514315123,满仓中证1000指数,453848.85120657063,满仓沪深300指数,521065.1372916174,空仓,486158.3347870085,满仓中证1000指数,601337.1076444834,5%多IM + 5%空IF
2082,2018-07-27,491452.16297218774,满仓中证1000指数,451921.32113297615,满仓沪深300指数,521065.1372916174,空仓,483329.6825604681,满仓中证1000指数,600864.6666733044,5%多IM + 5%空IF
2083,2018-07-30,484365.24613044894,满仓中证1000指数,451132.33865596936,满仓沪深300指数,521065.1372916174,空仓,483329.6825604681,空仓,600864.6666733044,空仓
2084,2018-07-31,484720.4025418167,满仓沪深300指数,451463.12734018854,满仓沪深300指数,521447.2035643893,满仓沪深300指数,483684.07965426677,满仓沪深300指数,601722.4832909291,7.5%多IF + 7.5%空IM
2085,2018-08-01,475037.64324646705,满仓沪深300指数,442444.71431313694,满仓沪深300指数,521447.2035643893,空仓,483684.07965426677,空仓,600399.1020754653,5%多IF + 5%空IM
2086,2018-08-02,464505.82394493883,满仓沪深300指数,432635.4963526046,满仓沪深300指数,521447.2035643893,空仓,472123.96889977885,满仓中证1000指数,600918.336963671,5%多IF + 5%空IM
2087,2018-08-03,464505.82394493883,空仓,425490.18355473934,满仓沪深300指数,521447.2035643893,空仓,472123.96889977885,空仓,599914.7419015622,5%多IF + 5%空IM
2088,2018-08-06,464505.82394493883,空仓,420098.3947398096,满仓沪深300指数,514839.4525317662,满仓沪深300指数,472123.96889977885,空仓,602448.2314060128,5%多IF + 5%空IM
2089,2018-08-07,464505.82394493883,空仓,432367.4669089313,满仓沪深300指数,529875.4595189758,满仓沪深300指数,485912.46016690484,满仓沪深300指数,603787.64552339,7.5%多IF + 7.5%空IM
2090,2018-08-08,464505.82394493883,空仓,425390.53882189706,满仓沪深300指数,521325.08684043476,满仓沪深300指数,485912.46016690484,空仓,603939.7514280117,5%多IF + 5%空IM
2091,2018-08-09,464505.82394493883,空仓,436045.78728075046,满仓沪深300指数,534383.318797126,满仓沪深300指数,485912.46016690484,空仓,604746.1332718992,5%多IF + 5%空IM
2092,2018-08-10,464505.82394493883,空仓,437006.9790603433,满仓沪深300指数,537814.3469460974,满仓中证1000指数,485912.46016690484,空仓,604746.1332718992,空仓
2093,2018-08-13,464505.82394493883,空仓,439226.2711741691,满仓中证1000指数,540545.5782446142,满仓中证1000指数,488380.1134139464,满仓中证1000指数,609004.2437078807,7.5%多IM + 7.5%空IF
2094,2018-08-14,464505.82394493883,空仓,437740.92675159744,满仓中证1000指数,538717.5993360551,满仓中证1000指数,486728.54399480607,满仓中证1000指数,609807.8824788139,7.5%多IM + 7.5%空IF
2095,2018-08-15,464505.82394493883,空仓,428829.71098980424,满仓中证1000指数,538717.5993360551,空仓,486728.54399480607,空仓,610917.4559072203,5%多IM + 5%空IF
2096,2018-08-16,464505.82394493883,空仓,423606.52531746565,满仓中证1000指数,538717.5993360551,空仓,486728.54399480607,空仓,608611.8220376882,5%多IM + 5%空IF
2097,2018-08-17,464505.82394493883,空仓,417516.5557168952,满仓沪深300指数,530972.7379914615,满仓沪深300指数,479731.102124814,满仓沪深300指数,610338.2811357351,7.5%多IF + 7.5%空IM
2098,2018-08-20,464505.82394493883,空仓,422381.26084151294,满仓沪深300指数,537159.3808063894,满仓沪深300指数,479731.102124814,空仓,612727.8833975502,5%多IF + 5%空IM
2099,2018-08-21,464505.82394493883,空仓,430060.2166259317,满仓沪深300指数,546925.0203287965,满仓沪深300指数,488452.68677629123,满仓沪深300指数,615824.71458224,7.5%多IF + 7.5%空IM
2100,2018-08-22,464505.82394493883,空仓,427643.45490704634,满仓沪深300指数,546925.0203287965,空仓,485707.7833668359,满仓沪深300指数,617653.4752010021,5%多IF + 5%空IM
2101,2018-08-23,464505.82394493883,空仓,429203.9871552602,满仓沪深300指数,548920.8281022689,满仓沪深300指数,487480.2006702111,满仓沪深300指数,616532.2117427421,7.5%多IF + 7.5%空IM
2102,2018-08-24,464505.82394493883,空仓,429890.3203868997,满仓沪深300指数,547082.6866688135,满仓中证1000指数,487480.2006702111,空仓,616532.2117427421,空仓
2103,2018-08-27,464505.82394493883,空仓,440392.6538091105,满仓沪深300指数,560448.0603756318,满仓沪深300指数,487480.2006702111,空仓,617241.1937710101,5%多IF + 5%空IM
2104,2018-08-28,463632.7381915508,满仓沪深300指数,439564.89120180445,满仓沪深300指数,560891.9294530323,满仓中证1000指数,487480.2006702111,空仓,616416.6857676671,5%多IF + 5%空IM
2105,2018-08-29,461778.7229361638,满仓沪深300指数,437062.72803796525,满仓中证1000指数,560891.9294530323,空仓,487480.2006702111,空仓,616416.6857676671,空仓
2106,2018-08-30,456940.90337052924,满仓沪深300指数,429550.15762895375,满仓中证1000指数,560891.9294530323,空仓,487480.2006702111,空仓,616416.6857676671,空仓
2107,2018-08-31,454678.679959603,满仓沪深300指数,424823.0421878603,满仓中证1000指数,558115.0652142463,满仓沪深300指数,485066.7832803809,满仓沪深300指数,618282.5801539588,5%多IF + 5%空IM
2108,2018-09-03,452949.8529019648,满仓沪深300指数,423207.73537358927,满仓沪深300指数,555992.9414628014,满仓沪深300指数,483222.41138291004,满仓沪深300指数,616875.093646704,7.5%多IF + 7.5%空IM
2109,2018-09-04,458686.82943698746,满仓沪深300指数,428568.0039148483,满仓沪深300指数,562488.0778713675,满仓中证1000指数,483222.41138291004,空仓,617178.522521132,5%多IF + 5%空IM
2110,2018-09-05,449720.4582824205,满仓沪深300指数,420190.3930015611,满仓沪深300指数,553616.4235875172,满仓中证1000指数,483222.41138291004,空仓,616013.3663478801,5%多IF + 5%空IM
2111,2018-09-06,449720.4582824205,空仓,415698.1410223577,满仓沪深300指数,553616.4235875172,空仓,483222.41138291004,空仓,613944.0924766621,5%多IF + 5%空IM
2112,2018-09-07,449720.4582824205,空仓,416508.811019181,满仓中证1000指数,553616.4235875172,空仓,484164.76322922163,满仓中证1000指数,612758.6945887998,7.5%多IM + 7.5%空IF
2113,2018-09-10,449720.4582824205,空仓,408328.38437529525,满仓中证1000指数,545580.5629233193,满仓沪深300指数,484164.76322922163,空仓,612758.6945887998,空仓
2114,2018-09-11,449720.4582824205,空仓,407588.03615071945,满仓沪深300指数,544591.3600743884,满仓沪深300指数,484164.76322922163,空仓,612100.1270257073,5%多IF + 5%空IM
2115,2018-09-12,449720.4582824205,空仓,404783.2964616529,满仓沪深300指数,544591.3600743884,空仓,484164.76322922163,空仓,610335.5518566478,5%多IF + 5%空IM
2116,2018-09-13,449720.4582824205,空仓,409149.84032989544,满仓沪深300指数,544591.3600743884,空仓,487939.73437679885,满仓中证1000指数,610335.5518566478,空仓
2117,2018-09-14,449720.4582824205,空仓,409848.15563640214,满仓沪深300指数,545520.8398029511,满仓沪深300指数,487939.73437679885,空仓,613948.0097243256,5%多IF + 5%空IM
2118,2018-09-17,449720.4582824205,空仓,405149.59596059093,满仓沪深300指数,539266.9084750601,满仓沪深300指数,482345.921330089,满仓沪深300指数,615834.3318480887,7.5%多IF + 7.5%空IM
2119,2018-09-18,449720.4582824205,空仓,413304.55093254894,满仓沪深300指数,550121.4111089684,满仓沪深300指数,482345.921330089,空仓,616564.9201003362,5%多IF + 5%空IM
2120,2018-09-19,449720.4582824205,空仓,418746.7582589858,满仓沪深300指数,557365.1609472218,满仓沪深300指数,482345.921330089,空仓,617322.7409496432,5%多IF + 5%空IM
2121,2018-09-20,449400.5271359378,满仓沪深300指数,418448.861803558,满仓沪深300指数,557365.1609472218,空仓,482345.921330089,空仓,618247.5697465518,5%多IF + 5%空IM
2122,2018-09-21,463025.9147339734,满仓沪深300指数,431135.8249639409,满仓沪深300指数,557365.1609472218,空仓,482345.921330089,空仓,623867.5295862005,5%多IF + 5%空IM
2123,2018-09-25,458860.4560093485,满仓沪深300指数,427257.2548311521,满仓沪深300指数,552351.0105539259,满仓沪深300指数,478006.6565884038,满仓沪深300指数,621151.614154469,7.5%多IF + 7.5%空IM
2124,2018-09-26,463943.1049933806,满仓沪深300指数,431989.84536875045,满仓沪深300指数,554713.0301802967,满仓中证1000指数,480050.75731932383,满仓中证1000指数,621151.614154469,空仓
2125,2018-09-27,462089.75804929005,满仓沪深300指数,430264.144412803,满仓沪深300指数,554713.0301802967,空仓,478133.06397608767,满仓沪深300指数,625917.4919150373,7.5%多IF + 7.5%空IM
2126,2018-09-28,466878.84152598516,满仓沪深300指数,434723.38824742165,满仓沪深300指数,560462.0582876467,满仓沪深300指数,483088.41976240923,满仓沪深300指数,626835.8276572264,7.5%多IF + 7.5%空IM
2127,2018-10-08,446790.16594203934,满仓沪深300指数,416018.2846134415,满仓沪深300指数,560462.0582876467,空仓,483088.41976240923,空仓,624023.4990542735,5%多IF + 5%空IM
2128,2018-10-09,446490.3688032051,满仓沪深300指数,415739.13547154644,满仓沪深300指数,560613.1960760162,满仓中证1000指数,483218.6924798397,满仓中证1000指数,624023.4990542735,空仓
2129,2018-10-10,445527.4120301212,满仓沪深300指数,414842.5006406285,满仓沪深300指数,560613.1960760162,空仓,483218.6924798397,空仓,623758.8746199794,5%多IF + 5%空IM
2130,2018-10-11,424146.54859724996,满仓沪深300指数,394934.20630710636,满仓沪深300指数,533709.3651100411,满仓沪深300指数,483218.6924798397,空仓,635897.5785770104,7.5%多IF + 7.5%空IM
2131,2018-10-12,424146.54859724996,空仓,400826.6904782657,满仓沪深300指数,541672.3977764617,满仓沪深300指数,490428.39589669596,满仓沪深300指数,646109.0769181345,7.5%多IF + 7.5%空IM
2132,2018-10-15,424146.54859724996,空仓,395229.7261644599,满仓沪深300指数,534108.7271124371,满仓沪深300指数,483580.27351483656,满仓沪深300指数,646873.569171569,7.5%多IF + 7.5%空IM
2133,2018-10-16,424146.54859724996,空仓,392008.9553976031,满仓沪深300指数,534108.7271124371,空仓,483580.27351483656,空仓,651487.077910331,5%多IF + 5%空IM
2134,2018-10-17,424146.54859724996,空仓,394192.4548783484,满仓沪深300指数,537083.7258012521,满仓沪深300指数,486273.82747981517,满仓沪深300指数,650651.321503253,7.5%多IF + 7.5%空IM
2135,2018-10-18,424146.54859724996,空仓,384856.1536827652,满仓沪深300指数,537083.7258012521,空仓,486273.82747981517,空仓,653765.9695436158,5%多IF + 5%空IM
2136,2018-10-19,424146.54859724996,空仓,396303.4807593074,满仓沪深300指数,553058.9753013621,满仓沪深300指数,500737.76549576275,满仓沪深300指数,657503.9896675793,7.5%多IF + 7.5%空IM
2137,2018-10-22,424146.54859724996,空仓,413410.9036963732,满仓沪深300指数,576933.1380553526,满仓沪深300指数,522353.35342470155,满仓沪深300指数,654199.5938471556,7.5%多IF + 7.5%空IM
2138,2018-10-23,424146.54859724996,空仓,406570.0391179287,满仓中证1000指数,567386.4100107717,满仓中证1000指数,513709.77745482547,满仓中证1000指数,659110.642260445,7.5%多IM + 7.5%空IF
2139,2018-10-24,424146.54859724996,空仓,406430.30856028834,满仓中证1000指数,567191.409858669,满仓中证1000指数,513533.2249626035,满仓中证1000指数,658199.100442681,7.5%多IM + 7.5%空IF
2140,2018-10-25,424146.54859724996,空仓,403438.524128237,满仓中证1000指数,568277.7937454866,满仓沪深300指数,513533.2249626035,空仓,658199.100442681,空仓
2141,2018-10-26,421401.4939062971,满仓沪深300指数,404752.01922332414,满仓中证1000指数,564599.929034234,满仓沪深300指数,510209.66429045866,满仓沪深300指数,654997.7190877771,5%多IF + 5%空IM
2142,2018-10-29,408555.35656863597,满仓沪深300指数,392413.42977400764,满仓沪深300指数,564599.929034234,空仓,502862.76582955715,满仓中证1000指数,649730.0456578714,5%多IF + 5%空IM
2143,2018-10-30,408555.35656863597,空仓,396669.5028525794,满仓沪深300指数,569849.5782148883,满仓中证1000指数,507538.3829716532,满仓中证1000指数,649227.1896326715,5%多IM + 5%空IF
2144,2018-10-31,414581.3518317253,满仓中证1000指数,402225.33133891254,满仓沪深300指数,569849.5782148883,空仓,507538.3829716532,空仓,649227.1896326715,空仓
2145,2018-11-01,417230.83583405346,满仓中证1000指数,404795.851156085,满仓中证1000指数,573491.3419713697,满仓中证1000指数,507538.3829716532,空仓,648755.5086355106,7.5%多IM + 7.5%空IF
2146,2018-11-02,429990.69132397365,满仓中证1000指数,417175.4169025756,满仓中证1000指数,591029.9944864622,满仓中证1000指数,507538.3829716532,空仓,646297.2973820212,7.5%多IM + 7.5%空IF
2147,2018-11-05,433196.0891341522,满仓中证1000指数,420285.28228985285,满仓中证1000指数,595435.871842187,满仓中证1000指数,503310.1786955266,满仓沪深300指数,653948.8345861053,7.5%多IM + 7.5%空IF
2148,2018-11-06,433658.4242432942,满仓中证1000指数,420733.83814419276,满仓中证1000指数,595435.871842187,空仓,503847.3441322335,满仓中证1000指数,657431.2445802122,7.5%多IM + 7.5%空IF
2149,2018-11-07,432690.5964674965,满仓中证1000指数,419794.85512896714,满仓中证1000指数,595435.871842187,空仓,502722.87052085606,满仓中证1000指数,659560.0918753373,7.5%多IM + 7.5%空IF
2150,2018-11-08,430763.3067554713,满仓中证1000指数,417925.00560587505,满仓中证1000指数,595435.871842187,空仓,500483.6431739603,满仓中证1000指数,658759.4737517139,7.5%多IM + 7.5%空IF
2151,2018-11-09,429711.424902368,满仓中证1000指数,416904.4736281956,满仓中证1000指数,587034.7789321353,满仓沪深300指数,500483.6431739603,空仓,662602.4281521539,5%多IM + 5%空IF
2152,2018-11-12,442536.5113305602,满仓中证1000指数,429347.3261955818,满仓中证1000指数,604555.3086175397,满仓中证1000指数,515420.98392784165,满仓中证1000指数,671520.0180525364,7.5%多IM + 7.5%空IF
2153,2018-11-13,451307.6701755691,满仓中证1000指数,437857.07285223284,满仓中证1000指数,616537.7112141852,满仓中证1000指数,525636.727050345,满仓中证1000指数,676435.9739479704,7.5%多IM + 7.5%空IF
2154,2018-11-14,451380.9372187438,满仓中证1000指数,437928.15627310297,满仓中证1000指数,616637.8023451177,满仓中证1000指数,525722.0609618207,满仓中证1000指数,681601.91303721,7.5%多IM + 7.5%空IF
2155,2018-11-15,458904.84170951054,满仓中证1000指数,445227.8212565616,满仓中证1000指数,626916.3133492114,满仓中证1000指数,534485.1305760097,满仓中证1000指数,684152.8973349263,7.5%多IM + 7.5%空IF
2156,2018-11-16,463888.2724791083,满仓中证1000指数,450062.7278042145,满仓中证1000指数,626916.3133492114,空仓,540289.31785737,满仓中证1000指数,687303.4285085277,7.5%多IM + 7.5%空IF
2157,2018-11-19,465631.69271940395,满仓中证1000指数,451754.18782941246,满仓中证1000指数,626916.3133492114,空仓,542319.8743259225,满仓中证1000指数,683397.1848021075,7.5%多IM + 7.5%空IF
2158,2018-11-20,453326.91817593534,满仓中证1000指数,439816.1399747995,满仓中证1000指数,612417.3887431489,满仓沪深300指数,529777.4427400964,满仓沪深300指数,683397.1848021075,空仓
2159,2018-11-21,456638.81086280756,满仓中证1000指数,440920.89800444874,满仓沪深300指数,613955.6975186057,满仓沪深300指数,529777.4427400964,空仓,681759.1208073691,5%多IF + 5%空IM
2160,2018-11-22,456930.3528350441,满仓中证1000指数,439272.20632825274,满仓沪深300指数,613955.6975186057,空仓,530115.68021976,满仓中证1000指数,683251.3731009781,5%多IM + 5%空IF
2161,2018-11-23,437333.4113253055,满仓中证1000指数,429576.1446034712,满仓沪深300指数,613955.6975186057,空仓,507379.94836433587,满仓中证1000指数,676140.355207298,5%多IM + 5%空IF
2162,2018-11-26,436543.395324341,满仓中证1000指数,429271.1547503539,满仓沪深300指数,613519.8021357753,满仓沪深300指数,507019.71947856015,满仓沪深300指数,676511.0356826236,5%多IF + 5%空IM
2163,2018-11-27,436543.395324341,空仓,428724.24199331435,满仓沪深300指数,612738.1474572084,满仓沪深300指数,507019.71947856015,空仓,673312.5251093368,5%多IF + 5%空IM
2164,2018-11-28,436543.395324341,空仓,434421.6268231697,满仓沪深300指数,620205.4135754657,满仓中证1000指数,513198.6250816506,满仓中证1000指数,672941.3807865722,5%多IM + 5%空IF
2165,2018-11-29,436543.395324341,空仓,428780.66743930057,满仓沪深300指数,620205.4135754657,空仓,513198.6250816506,空仓,676486.9216599565,5%多IF + 5%空IM
2166,2018-11-30,436543.395324341,空仓,433568.53530194453,满仓沪深300指数,627130.77610552,满仓沪深300指数,518929.1241240995,满仓沪深300指数,678764.0162349235,7.5%多IF + 7.5%空IM
2167,2018-12-03,436543.395324341,空仓,445629.8604359655,满仓沪深300指数,627130.77610552,空仓,533365.0722567623,满仓沪深300指数,676953.0494577046,5%多IF + 5%空IM
2168,2018-12-04,436543.395324341,空仓,449701.362041763,满仓中证1000指数,632860.5626136786,满仓中证1000指数,538238.1674888574,满仓中证1000指数,680539.3990186347,7.5%多IM + 7.5%空IF
2169,2018-12-05,434445.2624759569,满仓沪深300指数,446993.79240939283,满仓中证1000指数,632860.5626136786,空仓,534997.5339478365,满仓中证1000指数,680126.1156528381,5%多IM + 5%空IF
2170,2018-12-06,425049.5138052455,满仓沪深300指数,439006.09127699933,满仓中证1000指数,621551.4547055166,满仓中证1000指数,534997.5339478365,空仓,681403.7926210088,5%多IM + 5%空IF
2171,2018-12-07,425049.5138052455,空仓,439097.875028516,满仓中证1000指数,621530.2783691394,满仓沪深300指数,534997.5339478365,空仓,681403.7926210088,空仓
2172,2018-12-10,420083.3019191015,满仓中证1000指数,434018.7826700387,满仓沪深300指数,621530.2783691394,空仓,534997.5339478365,空仓,681403.7926210088,空仓
2173,2018-12-11,424022.5560028276,满仓中证1000指数,436096.2537933475,满仓沪深300指数,627358.5645115307,满仓中证1000指数,534997.5339478365,空仓,682967.8609399609,5%多IM + 5%空IF
2174,2018-12-12,423874.56707812194,满仓中证1000指数,437585.8853426591,满仓沪深300指数,627139.6088968997,满仓中证1000指数,534810.8134334481,满仓中证1000指数,681039.4103805274,7.5%多IM + 7.5%空IF
2175,2018-12-13,423874.56707812194,空仓,444360.0142789691,满仓沪深300指数,636848.1591816237,满仓沪深300指数,534810.8134334481,空仓,683071.1745464215,5%多IF + 5%空IM
2176,2018-12-14,413034.28241494414,满仓中证1000指数,436937.4579788876,满仓沪深300指数,626210.2953679791,满仓沪深300指数,525877.3737785695,满仓沪深300指数,686100.7147174306,5%多IF + 5%空IM
2177,2018-12-17,413034.28241494414,空仓,436286.8224040994,满仓沪深300指数,625277.8170738323,满仓沪深300指数,525094.2994023437,满仓沪深300指数,686959.5898543337,7.5%多IF + 7.5%空IM
2178,2018-12-18,413034.28241494414,空仓,431764.1164139485,满仓沪深300指数,618795.9625149316,满仓沪深300指数,525094.2994023437,空仓,685671.7481214062,5%多IF + 5%空IM
2179,2018-12-19,413034.28241494414,空仓,426616.0864677897,满仓沪深300指数,610286.1432228807,满仓中证1000指数,525094.2994023437,空仓,685671.7481214062,空仓
2180,2018-12-20,413034.28241494414,空仓,423343.9869856981,满仓沪深300指数,605605.314167181,满仓沪深300指数,525094.2994023437,空仓,681741.4242480051,5%多IF + 5%空IM
2181,2018-12-21,413034.28241494414,空仓,420290.9611130499,满仓中证1000指数,601237.8759854545,满仓中证1000指数,521307.481753013,满仓中证1000指数,684391.8763860109,7.5%多IM + 7.5%空IF
2182,2018-12-24,413034.28241494414,空仓,424062.1911462658,满仓中证1000指数,606632.7251371435,满仓中证1000指数,525985.1232291006,满仓中证1000指数,687506.0522709751,7.5%多IM + 7.5%空IF
2183,2018-12-25,413034.28241494414,空仓,419996.7710096881,满仓中证1000指数,600817.0288836925,满仓中证1000指数,520942.5833465995,满仓中证1000指数,686112.6626151896,7.5%多IM + 7.5%空IF
2184,2018-12-26,413034.28241494414,空仓,418124.9989198677,满仓中证1000指数,597780.6072869533,满仓沪深300指数,520942.5833465995,空仓,686112.6626151896,空仓
2185,2018-12-27,413034.28241494414,空仓,411627.3449163759,满仓中证1000指数,597780.6072869533,空仓,520942.5833465995,空仓,682098.8184401677,5%多IM + 5%空IF
2186,2018-12-28,413034.28241494414,空仓,414400.59714011865,满仓沪深300指数,601808.0277655554,满仓沪深300指数,524452.3238814558,满仓沪深300指数,684924.4857502237,7.5%多IF + 7.5%空IM
2187,2019-01-02,500000.0,空仓,493171.2004330223,满仓沪深300指数,500000.0,空仓,493171.2004330223,满仓沪深300指数,497798.8329761184,5%多IF + 5%空IM
2188,2019-01-03,500000.0,空仓,492391.7683522276,满仓沪深300指数,500000.0,空仓,489628.68866420834,满仓中证1000指数,497798.8329761184,空仓
2189,2019-01-04,500000.0,空仓,504188.54231519694,满仓沪深300指数,511979.0527799103,满仓沪深300指数,489628.68866420834,空仓,496879.0712593198,5%多IF + 5%空IM
2190,2019-01-07,500000.0,空仓,507249.15679439175,满仓沪深300指数,511979.0527799103,空仓,500106.74079241336,满仓中证1000指数,496879.0712593198,空仓
2191,2019-01-08,499007.90096410044,满仓中证1000指数,506153.1323298037,满仓沪深300指数,510963.18493058276,满仓中证1000指数,499114.4299616393,满仓中证1000指数,496944.85458166245,7.5%多IM + 7.5%空IF
2192,2019-01-09,500064.24477120704,满仓中证1000指数,507224.60179101117,满仓中证1000指数,510963.18493058276,空仓,499114.4299616393,空仓,493970.6299306524,7.5%多IM + 7.5%空IF
2193,2019-01-10,499123.8047485638,满仓沪深300指数,505871.66461032705,满仓中证1000指数,510002.2479425247,满仓沪深300指数,498175.77619720256,满仓沪深300指数,494164.9320710295,5%多IF + 5%空IM
2194,2019-01-11,502712.3724819141,满仓沪深300指数,510191.10177065275,满仓中证1000指数,510002.2479425247,空仓,498175.77619720256,空仓,494164.9320710295,空仓
2195,2019-01-14,498327.54549526126,满仓沪深300指数,507164.06255213555,满仓中证1000指数,510002.2479425247,空仓,498175.77619720256,空仓,494164.9320710295,空仓
2196,2019-01-15,503748.4284735113,满仓中证1000指数,517117.26129657397,满仓沪深300指数,510002.2479425247,空仓,498175.77619720256,空仓,494164.9320710295,空仓
2197,2019-01-16,502992.44241601584,满仓中证1000指数,516341.21234528476,满仓中证1000指数,510002.2479425247,空仓,498281.09737747186,满仓沪深300指数,493741.8935050006,5%多IM + 5%空IF
2198,2019-01-17,500221.59245345986,满仓沪深300指数,513496.8276026016,满仓沪深300指数,507192.78284832306,满仓沪深300指数,498281.09737747186,空仓,495032.4912578008,7.5%多IF + 7.5%空IM
2199,2019-01-18,503587.5560226383,满仓中证1000指数,522863.8114132963,满仓沪深300指数,516444.7710407761,满仓沪深300指数,498281.09737747186,空仓,497882.0508059605,5%多IF + 5%空IM
2200,2019-01-21,506363.25520286494,满仓沪深300指数,525745.7584259917,满仓沪深300指数,519291.3372643978,满仓沪深300指数,501027.54815246066,满仓沪深300指数,497623.97066809895,7.5%多IF + 7.5%空IM
2201,2019-01-22,499636.51811952854,满仓沪深300指数,518761.53622330824,满仓沪深300指数,519291.3372643978,空仓,501027.54815246066,空仓,497093.0758778257,5%多IF + 5%空IM
2202,2019-01-23,499276.66670225636,满仓沪深300指数,518387.91046284774,满仓沪深300指数,519291.3372643978,空仓,501027.54815246066,空仓,496564.7556178653,5%多IF + 5%空IM
2203,2019-01-24,502094.6471126585,满仓沪深300指数,521313.7571408475,满仓沪深300指数,519291.3372643978,空仓,501027.54815246066,空仓,496561.6570201478,5%多IF + 5%空IM
2204,2019-01-25,506177.7900172679,满仓沪深300指数,525553.1940294614,满仓沪深300指数,519291.3372643978,空仓,501027.54815246066,空仓,500069.7738769238,5%多IF + 5%空IM
2205,2019-01-28,506067.81113321363,满仓沪深300指数,525439.0053887693,满仓沪深300指数,519178.50915755914,满仓沪深300指数,500918.68827809824,满仓沪深300指数,503044.21678650245,7.5%多IF + 7.5%空IM
2206,2019-01-29,507687.8657425071,满仓沪深300指数,527121.072226169,满仓沪深300指数,520840.53451918677,满仓沪深300指数,502522.2592066838,满仓沪深300指数,510884.66779732425,7.5%多IF + 7.5%空IM
2207,2019-01-30,503636.67218851903,满仓沪深300指数,522914.80764103704,满仓沪深300指数,516684.38669986895,满仓沪深300指数,498512.2856095087,满仓沪深300指数,513537.46600867267,7.5%多IF + 7.5%空IM
2208,2019-01-31,508905.9625515454,满仓沪深300指数,528385.7951777733,满仓沪深300指数,522090.18856043066,满仓沪深300指数,503727.9621626036,满仓沪深300指数,523436.07479822595,7.5%多IF + 7.5%空IM
2209,2019-02-01,516180.2415656551,满仓沪深300指数,535938.5180461481,满仓沪深300指数,529552.9223100536,满仓沪深300指数,510928.22707128717,满仓沪深300指数,517578.72357424494,7.5%多IF + 7.5%空IM
2210,2019-02-11,525570.3941412633,满仓沪深300指数,545688.105593967,满仓沪深300指数,544772.68702768,满仓中证1000指数,525612.7034966028,满仓中证1000指数,517578.72357424494,空仓
2211,2019-02-12,529363.433763191,满仓沪深300指数,553256.3169381933,满仓中证1000指数,552328.202326112,满仓中证1000指数,532902.4867711395,满仓中证1000指数,520160.9700603631,7.5%多IM + 7.5%空IF
2212,2019-02-13,539964.3077753556,满仓沪深300指数,563199.4950511112,满仓中证1000指数,562254.7002699751,满仓中证1000指数,542479.8638033736,满仓中证1000指数,519359.8178036919,7.5%多IM + 7.5%空IF
2213,2019-02-14,540776.9816306882,满仓沪深300指数,565591.8198855948,满仓中证1000指数,562254.7002699751,空仓,542479.8638033736,空仓,519359.8178036919,空仓
2214,2019-02-15,530693.7665745862,满仓沪深300指数,564819.2025563307,满仓中证1000指数,562254.7002699751,空仓,542479.8638033736,空仓,519359.8178036919,空仓
2215,2019-02-18,547708.0038156097,满仓沪深300指数,584858.6576323946,满仓中证1000指数,582203.1683042967,满仓中证1000指数,561726.7322015364,满仓中证1000指数,520691.6048086166,7.5%多IM + 7.5%空IF
2216,2019-02-19,546732.5154337027,满仓沪深300指数,587328.6855466716,满仓中证1000指数,582203.1683042967,空仓,564099.0672787845,满仓中证1000指数,522254.8063026893,5%多IM + 5%空IF
2217,2019-02-20,547094.7053369193,满仓中证1000指数,587717.7688987121,满仓中证1000指数,582588.8561923003,满仓中证1000指数,564472.7618749805,满仓中证1000指数,521111.3833368378,7.5%多IM + 7.5%空IF
2218,2019-02-21,544959.9404461845,满仓中证1000指数,585424.4927136806,满仓中证1000指数,581032.4909539163,满仓沪深300指数,564472.7618749805,空仓,520790.759571842,5%多IM + 5%空IF
2219,2019-02-22,557279.7942620373,满仓中证1000指数,598659.1245373467,满仓中证1000指数,594167.8332415572,满仓中证1000指数,564472.7618749805,空仓,520837.9903762268,7.5%多IM + 7.5%空IF
2220,2019-02-25,586439.3582856313,满仓中证1000指数,629983.8545024301,满仓中证1000指数,594167.8332415572,空仓,564472.7618749805,空仓,518044.2743066507,7.5%多IM + 7.5%空IF
2221,2019-02-26,586385.4202642814,满仓中证1000指数,629925.9114566332,满仓中证1000指数,587032.1152693385,满仓沪深300指数,557693.6698299528,满仓沪深300指数,518044.2743066507,空仓
2222,2019-02-27,584900.3458349167,满仓中证1000指数,628330.5667717723,满仓中证1000指数,585545.4030260337,满仓中证1000指数,556281.2598690949,满仓中证1000指数,517724.73093173164,7.5%多IM + 7.5%空IF
2223,2019-02-28,587110.3728248725,满仓中证1000指数,630704.69344321,满仓中证1000指数,584109.2664279205,满仓沪深300指数,556281.2598690949,空仓,519337.7321760596,5%多IM + 5%空IF
2224,2019-03-01,590858.2667572275,满仓中证1000指数,634730.8772803141,满仓中证1000指数,587838.002414894,满仓中证1000指数,559832.3522276148,满仓中证1000指数,513295.6683983201,7.5%多IM + 7.5%空IF
2225,2019-03-04,603847.9345314907,满仓中证1000指数,648685.0583179902,满仓中证1000指数,594796.9199451699,满仓沪深300指数,566459.7345232948,满仓沪深300指数,513295.6683983201,空仓
2226,2019-03-05,622793.6838060584,满仓中证1000指数,669037.5738608086,满仓中证1000指数,613458.693332388,满仓中证1000指数,584232.4277639255,满仓中证1000指数,523151.13581771456,7.5%多IM + 7.5%空IF
2227,2019-03-06,636304.888298909,满仓中证1000指数,683552.0169402426,满仓中证1000指数,626767.3797706915,满仓中证1000指数,596907.064659137,满仓中证1000指数,528365.0921398997,7.5%多IM + 7.5%空IF
2228,2019-03-07,647355.1003502089,满仓中证1000指数,695422.7331239209,满仓中证1000指数,637651.9613300435,满仓中证1000指数,607273.0853525125,满仓中证1000指数,539287.8426090311,7.5%多IM + 7.5%空IF
2229,2019-03-08,620482.0590401309,满仓中证1000指数,666554.3055405181,满仓中证1000指数,611181.7172723317,满仓中证1000指数,582063.9309018129,满仓中证1000指数,538561.2319346603,7.5%多IM + 7.5%空IF
2230,2019-03-11,647249.8677882367,满仓中证1000指数,695309.6867976915,满仓中证1000指数,637548.3060881196,满仓中证1000指数,582063.9309018129,空仓,547993.7951342751,7.5%多IM + 7.5%空IF
2231,2019-03-12,661550.6359164669,满仓中证1000指数,710672.3204621598,满仓中证1000指数,651634.721473677,满仓中证1000指数,594924.4376796318,满仓中证1000指数,554276.1274500476,7.5%多IM + 7.5%空IF
2232,2019-03-13,646180.5027323235,满仓中证1000指数,694160.9188811523,满仓中证1000指数,636494.9696350478,满仓中证1000指数,581102.263918178,满仓中证1000指数,548066.8813599409,7.5%多IM + 7.5%空IF
2233,2019-03-14,626609.6143236449,满仓中证1000指数,673136.8461589884,满仓中证1000指数,632101.2127071077,满仓沪深300指数,577090.8856359646,满仓沪深300指数,548066.8813599409,空仓
2234,2019-03-15,636319.8019360148,满仓中证1000指数,683568.0379498419,满仓中证1000指数,640051.7211920029,满仓沪深300指数,584349.4794981005,满仓沪深300指数,548066.8813599409,空仓
2235,2019-03-18,651655.8452332728,满仓中证1000指数,703051.5993117294,满仓沪深300指数,640051.7211920029,空仓,598432.9779073079,满仓中证1000指数,546860.7006398669,5%多IM + 5%空IF
2236,2019-03-19,654471.6919190204,满仓中证1000指数,699805.2851878899,满仓沪深300指数,640051.7211920029,空仓,595669.7363041971,满仓沪深300指数,544416.6362828087,5%多IF + 5%空IM
2237,2019-03-20,652738.1192867402,满仓中证1000指数,700074.8972041238,满仓沪深300指数,638356.3443547728,满仓中证1000指数,594091.919012044,满仓中证1000指数,543177.7837919272,7.5%多IM + 7.5%空IF
2238,2019-03-21,659839.0702612455,满仓中证1000指数,707690.8114224636,满仓中证1000指数,638597.9432696158,满仓沪深300指数,594091.919012044,空仓,546029.5332016862,5%多IM + 5%空IF
2239,2019-03-22,662472.3405447268,满仓中证1000指数,710515.0473120931,满仓中证1000指数,641146.4449617608,满仓中证1000指数,596462.8071065779,满仓中证1000指数,547993.6489416977,7.5%多IM + 7.5%空IF
2240,2019-03-25,656622.4498681583,满仓中证1000指数,704240.9206860441,满仓中证1000指数,641146.4449617608,空仓,591195.8065079665,满仓中证1000指数,554117.3162019247,7.5%多IM + 7.5%空IF
2241,2019-03-26,637559.076715707,满仓中证1000指数,683795.0655938835,满仓中证1000指数,622532.3784946034,满仓中证1000指数,574031.9305730382,满仓中证1000指数,546758.1817624064,7.5%多IM + 7.5%空IF
2242,2019-03-27,637559.076715707,空仓,688303.8513464812,满仓中证1000指数,629757.7764998251,满仓沪深300指数,580694.410002824,满仓沪深300指数,548128.5474276614,5%多IF + 5%空IM
2243,2019-03-28,635005.6131238077,满仓沪深300指数,679011.1013359211,满仓中证1000指数,627235.5575984936,满仓沪深300指数,578368.6929232398,满仓沪深300指数,550731.0287546323,5%多IF + 5%空IM
2244,2019-03-29,653051.8343327797,满仓中证1000指数,705226.3645328762,满仓沪深300指数,627235.5575984936,空仓,600698.3536313357,满仓沪深300指数,553536.7304691643,5%多IF + 5%空IM
2245,2019-04-01,670183.9625873864,满仓沪深300指数,723727.2367309481,满仓沪深300指数,627235.5575984936,空仓,616457.0433642227,满仓沪深300指数,548518.9113673082,7.5%多IF + 7.5%空IM
2246,2019-04-02,674246.831862843,满仓中证1000指数,728114.7024389803,满仓中证1000指数,631038.0599227843,满仓中证1000指数,620194.2028919648,满仓中证1000指数,551286.4720992256,7.5%多IM + 7.5%空IF
2247,2019-04-03,681024.7192723296,满仓中证1000指数,735434.0983057555,满仓中证1000指数,637381.5897980978,满仓中证1000指数,626428.7245546088,满仓中证1000指数,550146.435204477,7.5%多IM + 7.5%空IF
2248,2019-04-04,683541.949205,满仓中证1000指数,738152.4382916224,满仓中证1000指数,637381.5897980978,空仓,626428.7245546088,空仓,547560.5485234357,7.5%多IM + 7.5%空IF
2249,2019-04-08,682700.2240602012,满仓沪深300指数,734632.032657682,满仓中证1000指数,636596.7073024606,满仓沪深300指数,625657.3296029236,满仓沪深300指数,548529.127083593,5%多IF + 5%空IM
2250,2019-04-09,685762.9472521436,满仓沪深300指数,737927.7318308612,满仓沪深300指数,639452.6013400718,满仓沪深300指数,625657.3296029236,空仓,549369.835269743,7.5%多IF + 7.5%空IM
2251,2019-04-10,687515.7742838798,满仓沪深300指数,739813.893340467,满仓沪深300指数,639452.6013400718,空仓,625657.3296029236,空仓,550499.6810335862,5%多IF + 5%空IM
2252,2019-04-11,672662.9255640382,满仓沪深300指数,723831.2144701988,满仓沪深300指数,639452.6013400718,空仓,612140.8489421973,满仓沪深300指数,550105.2459277022,7.5%多IF + 7.5%空IM
2253,2019-04-12,671155.0793687797,满仓沪深300指数,722208.6690596086,满仓沪深300指数,638019.1996535284,满仓沪深300指数,612140.8489421973,空仓,549568.5521974041,7.5%多IF + 7.5%空IM
2254,2019-04-15,668952.0523040771,满仓沪深300指数,719838.061590173,满仓沪深300指数,638019.1996535284,空仓,612140.8489421973,空仓,550880.2824755487,5%多IF + 5%空IM
2255,2019-04-16,687506.031588343,满仓沪深300指数,739803.4095351693,满仓沪深300指数,655715.2287972652,满仓沪深300指数,629119.119045723,满仓沪深300指数,553618.5545593667,7.5%多IF + 7.5%空IM
2256,2019-04-17,687750.1374331663,满仓沪深300指数,740066.08408345,满仓沪深300指数,655948.0470018113,满仓沪深300指数,629342.4940373495,满仓沪深300指数,550116.94540309,7.5%多IF + 7.5%空IM
2257,2019-04-18,685198.443020936,满仓沪深300指数,737320.2867529182,满仓沪深300指数,652658.2535474852,满仓中证1000指数,626186.1361110217,满仓中证1000指数,550116.94540309,空仓
2258,2019-04-19,693364.8915725906,满仓沪深300指数,746107.942722059,满仓沪深300指数,652658.2535474852,空仓,626186.1361110217,空仓,551071.2532003328,5%多IF + 5%空IM
2259,2019-04-22,677379.9887463056,满仓沪深300指数,728907.0963750776,满仓沪深300指数,637611.805582594,满仓沪深300指数,611749.9789612136,满仓沪深300指数,545712.6448332539,7.5%多IF + 7.5%空IM
2260,2019-04-23,677379.9887463056,空仓,715502.0981736961,满仓中证1000指数,625885.7774652657,满仓中证1000指数,600499.563910445,满仓中证1000指数,538857.2728061336,7.5%多IM + 7.5%空IF
2261,2019-04-24,677379.9887463056,空仓,717475.2719724214,满仓沪深300指数,627611.8121201488,满仓沪深300指数,602155.5898098499,满仓沪深300指数,534976.8613779026,7.5%多IF + 7.5%空IM
2262,2019-04-25,677379.9887463056,空仓,687919.486979079,满仓中证1000指数,601757.8760990365,满仓中证1000指数,577350.3012651551,满仓中证1000指数,527236.7876344308,7.5%多IM + 7.5%空IF
2263,2019-04-26,677379.9887463056,空仓,678750.0799470752,满仓沪深300指数,593736.9332342009,满仓沪深300指数,569654.6915134994,满仓沪深300指数,526358.0158789873,7.5%多IF + 7.5%空IM
2264,2019-04-29,677379.9887463056,空仓,680680.0965684627,满仓沪深300指数,593736.9332342009,空仓,569654.6915134994,空仓,536664.5006994421,5%多IF + 5%空IM
2265,2019-04-30,677379.9887463056,空仓,682927.3876712889,满仓沪深300指数,595697.1781924467,满仓沪深300指数,571535.428039182,满仓沪深300指数,533715.9311660536,7.5%多IF + 7.5%空IM
2266,2019-05-06,677379.9887463056,空仓,630597.5370156872,满仓中证1000指数,550051.4112580295,满仓中证1000指数,527741.074300258,满仓中证1000指数,526426.7966338202,7.5%多IM + 7.5%空IF
2267,2019-05-07,677379.9887463056,空仓,636767.5273836069,满仓沪深300指数,555433.3097116516,满仓沪深300指数,532904.6804897112,满仓沪深300指数,525348.5309466679,7.5%多IF + 7.5%空IM
2268,2019-05-08,677379.9887463056,空仓,627660.8204006333,满仓沪深300指数,553368.3926914532,满仓中证1000指数,532904.6804897112,空仓,525348.5309466679,空仓
2269,2019-05-09,677379.9887463056,空仓,621147.7648210203,满仓中证1000指数,547626.2482394542,满仓中证1000指数,527374.8820860925,满仓中证1000指数,528539.458787116,7.5%多IM + 7.5%空IF
2270,2019-05-10,677379.9887463056,空仓,643709.593132125,满仓沪深300指数,547626.2482394542,空仓,548287.496611041,满仓中证1000指数,528539.458787116,空仓
2271,2019-05-13,677379.9887463056,空仓,638991.7109455818,满仓中证1000指数,547626.2482394542,空仓,544268.982919519,满仓中证1000指数,532193.2233104001,7.5%多IM + 7.5%空IF
2272,2019-05-14,677379.9887463056,空仓,634572.35348315,满仓中证1000指数,543838.7872985303,满仓中证1000指数,540504.7413025564,满仓中证1000指数,531997.5823185779,7.5%多IM + 7.5%空IF
2273,2019-05-15,677379.9887463056,空仓,648539.6437318734,满仓中证1000指数,556064.1372131323,满仓沪深300指数,540504.7413025564,空仓,531997.5823185779,空仓
2274,2019-05-16,677379.9887463056,空仓,653373.0396431339,满仓中证1000指数,556064.1372131323,空仓,540504.7413025564,空仓,532775.9211567633,5%多IM + 5%空IF
2275,2019-05-17,677379.9887463056,空仓,630169.9589960527,满仓中证1000指数,556064.1372131323,空仓,540504.7413025564,空仓,530089.5402126705,5%多IM + 5%空IF
2276,2019-05-20,677379.9887463056,空仓,624821.4533224775,满仓沪深300指数,551344.5974281919,满仓沪深300指数,535917.2603631973,满仓沪深300指数,528045.4668136538,7.5%多IF + 7.5%空IM
2277,2019-05-21,690753.3357836643,满仓中证1000指数,633281.3442507844,满仓沪深300指数,551344.5974281919,空仓,546497.7434380107,满仓中证1000指数,529683.2160363882,5%多IM + 5%空IF
2278,2019-05-22,687870.0703022771,满仓中证1000指数,630276.8133952081,满仓沪深300指数,549043.2363434705,满仓中证1000指数,544216.6135502729,满仓中证1000指数,529909.7736585224,7.5%多IM + 7.5%空IF
2279,2019-05-23,671601.766836449,满仓中证1000指数,618979.1238514162,满仓沪深300指数,549043.2363434705,空仓,544216.6135502729,空仓,529909.7736585224,空仓
2280,2019-05-24,663053.1474435902,满仓中证1000指数,620697.446905426,满仓沪深300指数,550567.4131925812,满仓沪深300指数,544216.6135502729,空仓,534017.8363153457,5%多IF + 5%空IM
2281,2019-05-27,663053.1474435902,空仓,628172.7989815837,满仓沪深300指数,557198.1561991671,满仓沪深300指数,550770.8708817073,满仓沪深300指数,526992.5967928517,7.5%多IF + 7.5%空IM
2282,2019-05-28,663053.1474435902,空仓,634228.5263766734,满仓沪深300指数,557186.8553857477,满仓中证1000指数,550759.7004232637,满仓中证1000指数,524447.0889749882,5%多IM + 5%空IF
2283,2019-05-29,661545.2238197419,满仓沪深300指数,632786.1560606147,满仓沪深300指数,555919.6941855132,满仓沪深300指数,549507.1559379025,满仓沪深300指数,521937.4219328218,7.5%多IF + 7.5%空IM
2284,2019-05-30,661545.2238197419,空仓,628721.904727001,满仓中证1000指数,552349.1398413072,满仓中证1000指数,545977.7879674423,满仓中证1000指数,521851.2220424257,7.5%多IM + 7.5%空IF
2285,2019-05-31,661545.2238197419,空仓,627811.8199405608,满仓中证1000指数,552349.1398413072,空仓,545977.7879674423,空仓,522290.0172237387,5%多IM + 5%空IF
2286,2019-06-03,651726.1856917029,满仓中证1000指数,628196.3813255581,满仓沪深300指数,552349.1398413072,空仓,545977.7879674423,空仓,522290.0172237387,空仓
2287,2019-06-04,645706.693579841,满仓沪深300指数,622394.2158684866,满仓沪深300指数,547247.5168541324,满仓沪深300指数,540935.0122434107,满仓沪深300指数,525686.0774952909,7.5%多IF + 7.5%空IM
2288,2019-06-05,645706.693579841,空仓,622158.7122335975,满仓沪深300指数,547040.4474821537,满仓沪深300指数,540730.3314183418,满仓沪深300指数,525728.7716299151,7.5%多IF + 7.5%空IM
2289,2019-06-06,645706.693579841,空仓,616550.0727878929,满仓沪深300指数,547040.4474821537,空仓,540730.3314183418,空仓,529864.6213189097,5%多IF + 5%空IM
2290,2019-06-10,645706.693579841,空仓,624517.6402039508,满仓沪深300指数,554109.754318687,满仓沪深300指数,547718.0937423358,满仓沪深300指数,529617.7161030553,7.5%多IF + 7.5%空IM
2291,2019-06-11,665115.4655267503,满仓沪深300指数,643289.5076416881,满仓沪深300指数,570765.2884211836,满仓沪深300指数,547718.0937423358,空仓,526702.5634579835,7.5%多IF + 7.5%空IM
2292,2019-06-12,660076.0203913042,满仓沪深300指数,638415.4333673799,满仓沪深300指数,568095.9673017192,满仓中证1000指数,545156.558370794,满仓中证1000指数,526702.5634579835,空仓
2293,2019-06-13,659056.2642525838,满仓沪深300指数,637429.1408236147,满仓沪深300指数,568095.9673017192,空仓,545156.558370794,空仓,524833.7963412512,5%多IF + 5%空IM
2294,2019-06-14,653599.5746195819,满仓沪深300指数,622855.0317691029,满仓中证1000指数,555107.084223381,满仓中证1000指数,532692.1593895796,满仓中证1000指数,519093.03108228435,7.5%多IM + 7.5%空IF
2295,2019-06-17,653589.7211257472,满仓沪深300指数,621362.5232727807,满仓中证1000指数,555098.7155762085,满仓沪深300指数,532684.128663869,满仓沪深300指数,519711.0532847744,5%多IF + 5%空IM
2296,2019-06-18,655877.6094029545,满仓沪深300指数,623537.6003692246,满仓沪深300指数,557041.8364714885,满仓沪深300指数,532684.128663869,空仓,521059.95174668904,7.5%多IF + 7.5%空IM
2297,2019-06-19,664518.5691252666,满仓沪深300指数,631752.4917039697,满仓沪深300指数,564380.6692103809,满仓沪深300指数,532684.128663869,空仓,520650.73026864696,7.5%多IF + 7.5%空IM
2298,2019-06-20,684651.2062689901,满仓沪深300指数,650892.4289022054,满仓沪深300指数,564380.6692103809,空仓,532684.128663869,空仓,524407.9874905661,5%多IF + 5%空IM
2299,2019-06-21,685620.4610164409,满仓沪深300指数,651813.8916426734,满仓沪深300指数,565179.6580064172,满仓沪深300指数,533438.2449436208,满仓沪深300指数,518401.6867365864,7.5%多IF + 7.5%空IM
2300,2019-06-24,686930.8505159653,满仓沪深300指数,651543.5825876768,满仓中证1000指数,564945.2764118888,满仓中证1000指数,533217.0266024063,满仓中证1000指数,517497.35481823934,7.5%多IM + 7.5%空IF
2301,2019-06-25,679785.5295538572,满仓沪深300指数,645260.8111302175,满仓中证1000指数,564945.2764118888,空仓,533217.0266024063,空仓,517497.35481823934,空仓
2302,2019-06-26,678537.515710405,满仓沪深300指数,645224.7843914544,满仓中证1000指数,564945.2764118888,空仓,533217.0266024063,空仓,517497.35481823934,空仓
2303,2019-06-27,685777.6340787167,满仓沪深300指数,650792.7964444243,满仓中证1000指数,564945.2764118888,空仓,533217.0266024063,空仓,517497.35481823934,空仓
2304,2019-06-28,684127.0576223519,满仓沪深300指数,649226.4238851528,满仓沪深300指数,556976.1624611592,满仓中证1000指数,533217.0266024063,空仓,520524.48778318596,5%多IF + 5%空IM
2305,2019-07-01,703838.3908436545,满仓沪深300指数,667932.1865570031,满仓沪深300指数,573023.9749431714,满仓沪深300指数,548580.2816783868,满仓沪深300指数,520036.4578362304,7.5%多IF + 7.5%空IM
2306,2019-07-02,704081.1516037403,满仓沪深300指数,668188.8600620148,满仓中证1000指数,573244.1770461163,满仓中证1000指数,548580.2816783868,空仓,520046.6950094923,5%多IM + 5%空IF
2307,2019-07-03,696277.9355696031,满仓沪深300指数,661486.786327467,满仓中证1000指数,573244.1770461163,空仓,548580.2816783868,空仓,520046.6950094923,空仓
2308,2019-07-04,692624.0597668601,满仓沪深300指数,658015.4849420239,满仓沪深300指数,570235.9486927955,满仓沪深300指数,548580.2816783868,空仓,519733.6651565755,7.5%多IF + 7.5%空IM
2309,2019-07-05,695170.1696337041,满仓中证1000指数,660434.3724974331,满仓中证1000指数,573195.3556503801,满仓沪深300指数,548580.2816783868,空仓,519340.2893100955,5%多IM + 5%空IF
2310,2019-07-08,679026.0616626807,满仓沪深300指数,645096.9424937958,满仓沪深300指数,573195.3556503801,空仓,548580.2816783868,空仓,521926.1236537802,5%多IF + 5%空IM
2311,2019-07-09,679026.0616626807,空仓,643458.2411834156,满仓沪深300指数,571739.3016551823,满仓沪深300指数,547186.7558883561,满仓沪深300指数,519731.7046127341,7.5%多IF + 7.5%空IM
2312,2019-07-10,679026.0616626807,空仓,642374.136787531,满仓沪深300指数,571739.3016551823,空仓,542433.0536953256,满仓中证1000指数,519731.7046127341,空仓
2313,2019-07-11,679026.0616626807,空仓,642116.626581614,满仓沪深300指数,571739.3016551823,空仓,542215.6071336509,满仓沪深300指数,520038.44159569044,5%多IF + 5%空IM
2314,2019-07-12,679026.0616626807,空仓,646104.8286185879,满仓沪深300指数,571739.3016551823,空仓,542215.6071336509,空仓,521014.65104623814,5%多IF + 5%空IM
2315,2019-07-15,679026.0616626807,空仓,648726.8694616681,满仓沪深300指数,571739.3016551823,空仓,542215.6071336509,空仓,519345.2812247447,5%多IF + 5%空IM
2316,2019-07-16,679026.0616626807,空仓,645784.8577685219,满仓沪深300指数,572976.725983574,满仓中证1000指数,543389.1328674224,满仓中证1000指数,521084.9243604267,5%多IM + 5%空IF
2317,2019-07-17,679026.0616626807,空仓,646297.4799826741,满仓中证1000指数,573431.5533063241,满仓中证1000指数,543820.4736414988,满仓中证1000指数,521621.6722036582,7.5%多IM + 7.5%空IF
2318,2019-07-18,679026.0616626807,空仓,634711.4041791987,满仓中证1000指数,573431.5533063241,空仓,543820.4736414988,空仓,519430.1957901687,5%多IM + 5%空IF
2319,2019-07-19,679026.0616626807,空仓,637818.0751445777,满仓中证1000指数,579450.2990548166,满仓沪深300指数,549528.4210762025,满仓沪深300指数,520884.96251189185,5%多IF + 5%空IM
2320,2019-07-22,679026.0616626807,空仓,633417.6312715942,满仓沪深300指数,575452.5470036598,满仓沪深300指数,549528.4210762025,空仓,526407.1130566582,5%多IF + 5%空IM
2321,2019-07-23,679026.0616626807,空仓,634796.175389371,满仓沪深300指数,576704.9382927038,满仓沪深300指数,550724.3921623009,满仓沪深300指数,522771.16547481983,7.5%多IF + 7.5%空IM
2322,2019-07-24,679026.0616626807,空仓,639807.494716705,满仓沪深300指数,583868.0038061542,满仓中证1000指数,557564.7617152168,满仓中证1000指数,523954.27533642604,5%多IM + 5%空IF
2323,2019-07-25,684578.3208284876,满仓沪深300指数,645039.0715698737,满仓沪深300指数,585695.17181578,满仓中证1000指数,559309.6158419364,满仓中证1000指数,523954.27533642604,空仓
2324,2019-07-26,685911.9544949931,满仓沪深300指数,646295.6784414089,满仓沪深300指数,585695.17181578,空仓,560399.2123292811,满仓沪深300指数,524303.8564873373,7.5%多IF + 7.5%空IM
2325,2019-07-29,685147.8566913719,满仓沪深300指数,646590.7026656218,满仓中证1000指数,585695.17181578,空仓,560399.2123292811,空仓,524303.8564873373,空仓
2326,2019-07-30,688000.4600494284,满仓沪深300指数,649159.6050672737,满仓中证1000指数,588022.1365050506,满仓中证1000指数,560399.2123292811,空仓,524253.9192755981,5%多IM + 5%空IF
2327,2019-07-31,681786.0858898686,满仓沪深300指数,643296.0614951222,满仓沪深300指数,588022.1365050506,空仓,560399.2123292811,空仓,523868.50037920085,5%多IF + 5%空IM
2328,2019-08-01,676117.3028755892,满仓沪深300指数,639972.557533857,满仓中证1000指数,588022.1365050506,空仓,560399.2123292811,空仓,523868.50037920085,空仓
2329,2019-08-02,666156.9580766871,满仓沪深300指数,629807.9717036602,满仓中证1000指数,588022.1365050506,空仓,560399.2123292811,空仓,523868.50037920085,空仓
2330,2019-08-05,666156.9580766871,空仓,622580.7831327193,满仓中证1000指数,588022.1365050506,空仓,560399.2123292811,空仓,525877.8125844653,5%多IM + 5%空IF
2331,2019-08-06,666156.9580766871,空仓,615914.1493849533,满仓沪深300指数,572502.5179822728,满仓中证1000指数,545608.6433083462,满仓中证1000指数,521753.65442838473,5%多IM + 5%空IF
2332,2019-08-07,666156.9580766871,空仓,613390.7727437144,满仓沪深300指数,570156.9971294567,满仓沪深300指数,543373.3056283186,满仓沪深300指数,521298.5649889119,7.5%多IF + 7.5%空IM
2333,2019-08-08,666156.9580766871,空仓,621497.6446403549,满仓沪深300指数,574578.5777160542,满仓中证1000指数,543373.3056283186,空仓,521298.5649889119,空仓
2334,2019-08-09,666156.9580766871,空仓,615440.0095241795,满仓沪深300指数,568978.2550126768,满仓沪深300指数,538077.1355691848,满仓沪深300指数,521739.1096757957,7.5%多IF + 7.5%空IM
2335,2019-08-12,666156.9580766871,空仓,626546.9894063715,满仓沪深300指数,579246.7294927752,满仓沪深300指数,538077.1355691848,空仓,522031.6765854604,5%多IF + 5%空IM
2336,2019-08-13,666156.9580766871,空仓,623541.884469337,满仓中证1000指数,576468.4906120662,满仓中证1000指数,538077.1355691848,空仓,523684.01018612133,7.5%多IM + 7.5%空IF
2337,2019-08-14,666156.9580766871,空仓,627753.1407014767,满仓中证1000指数,576468.4906120662,空仓,541711.182851295,满仓中证1000指数,524552.6934239261,7.5%多IM + 7.5%空IF
2338,2019-08-15,666156.9580766871,空仓,630747.9343822384,满仓中证1000指数,576468.4906120662,空仓,541711.182851295,空仓,524977.7860052068,5%多IM + 5%空IF
2339,2019-08-16,666156.9580766871,空仓,634310.8340021626,满仓中证1000指数,579724.782474697,满仓中证1000指数,541711.182851295,空仓,525439.1238023825,7.5%多IM + 7.5%空IF
2340,2019-08-19,666156.9580766871,空仓,654502.449902184,满仓中证1000指数,598178.7950943406,满仓中证1000指数,541711.182851295,空仓,529428.1179515672,7.5%多IM + 7.5%空IF
2341,2019-08-20,665566.1648729391,满仓沪深300指数,656031.8812221754,满仓中证1000指数,599576.610158759,满仓中证1000指数,542977.0452626063,满仓中证1000指数,530708.1371925408,7.5%多IM + 7.5%空IF
2342,2019-08-21,665740.2942615896,满仓中证1000指数,656203.5161946869,满仓中证1000指数,599576.610158759,空仓,543119.1021548178,满仓中证1000指数,531440.0984478494,7.5%多IM + 7.5%空IF
2343,2019-08-22,668555.1935089602,满仓中证1000指数,658978.0918058974,满仓中证1000指数,599576.610158759,空仓,543119.1021548178,空仓,531887.1775561852,7.5%多IM + 7.5%空IF
2344,2019-08-23,667142.7636255966,满仓中证1000指数,657585.8950831954,满仓中证1000指数,599576.610158759,空仓,543119.1021548178,空仓,528167.5392957754,7.5%多IM + 7.5%空IF
2345,2019-08-26,663437.2707248187,满仓中证1000指数,648128.2130354147,满仓沪深300指数,590953.2424974891,满仓沪深300指数,535307.7305596187,满仓沪深300指数,525836.1666859813,5%多IF + 5%空IM
2346,2019-08-27,676013.5046131812,满仓中证1000指数,660414.2457267566,满仓中证1000指数,602155.4563655991,满仓中证1000指数,545455.1182914103,满仓中证1000指数,527967.4731548119,7.5%多IM + 7.5%空IF
2347,2019-08-28,674668.256892592,满仓中证1000指数,659100.0400893752,满仓中证1000指数,600957.1840683913,满仓中证1000指数,544369.6780604711,满仓中证1000指数,528669.3761406852,7.5%多IM + 7.5%空IF
2348,2019-08-29,675280.8031615864,满仓中证1000指数,659698.4516291597,满仓中证1000指数,600957.1840683913,空仓,544369.6780604711,空仓,530322.0986828668,7.5%多IM + 7.5%空IF
2349,2019-08-30,665269.6982291491,满仓中证1000指数,649918.35660483,满仓中证1000指数,592047.9341660641,满仓中证1000指数,536299.3435513522,满仓中证1000指数,523439.1478792991,7.5%多IM + 7.5%空IF
2350,2019-09-02,682543.7289234784,满仓中证1000指数,658254.2104928182,满仓沪深300指数,599641.5419226987,满仓沪深300指数,543177.9197950237,满仓沪深300指数,520000.2956252124,5%多IF + 5%空IM
2351,2019-09-03,687617.3042921852,满仓中证1000指数,663147.2337632413,满仓中证1000指数,604098.8776628583,满仓中证1000指数,547215.5425844735,满仓中证1000指数,522363.11198125716,7.5%多IM + 7.5%空IF
2352,2019-09-04,692449.4397522592,满仓中证1000指数,667807.409188605,满仓中证1000指数,608344.0989362675,满仓中证1000指数,551061.0240915858,满仓中证1000指数,521823.28942227876,7.5%多IM + 7.5%空IF
2353,2019-09-05,698978.7142192154,满仓中证1000指数,674104.3279459073,满仓中证1000指数,614499.8317213093,满仓沪深300指数,551061.0240915858,空仓,521643.36733555293,5%多IM + 5%空IF
2354,2019-09-06,701916.1432575381,满仓中证1000指数,676937.2234082235,满仓中证1000指数,617082.2417618767,满仓中证1000指数,551061.0240915858,空仓,520976.7327664091,7.5%多IM + 7.5%空IF
2355,2019-09-09,719088.0914641822,满仓中证1000指数,693498.0776515352,满仓中证1000指数,620901.9243540152,满仓沪深300指数,551061.0240915858,空仓,525737.0218399132,5%多IM + 5%空IF
2356,2019-09-10,720671.2492701788,满仓中证1000指数,695024.8960039878,满仓中证1000指数,622268.9136561155,满仓中证1000指数,552274.250360004,满仓中证1000指数,527963.1610655034,7.5%多IM + 7.5%空IF
2357,2019-09-11,714488.6291154211,满仓中证1000指数,689062.2952558042,满仓中证1000指数,622268.9136561155,空仓,547536.3037377578,满仓中证1000指数,527482.9721549135,7.5%多IM + 7.5%空IF
2358,2019-09-12,717891.8022837144,满仓中证1000指数,692344.3605244991,满仓中证1000指数,628963.2802978847,满仓沪深300指数,547536.3037377578,空仓,525901.8664949593,5%多IM + 5%空IF
2359,2019-09-16,722296.200183167,满仓中证1000指数,696592.0201822518,满仓中证1000指数,626641.3895784377,满仓沪深300指数,545515.010123277,满仓沪深300指数,525901.8664949593,空仓
2360,2019-09-17,704966.3341032686,满仓中证1000指数,679878.8678508081,满仓中证1000指数,611606.5446508832,满仓中证1000指数,532426.6094538377,满仓中证1000指数,523065.35576076887,7.5%多IM + 7.5%空IF
2361,2019-09-18,704152.0873173014,满仓中证1000指数,683174.6168600606,满仓沪深300指数,614571.3399385458,满仓沪深300指数,535007.5757900237,满仓沪深300指数,524635.2235424246,5%多IF + 5%空IM
2362,2019-09-19,712434.772591217,满仓中证1000指数,685672.8857786097,满仓沪深300指数,614571.3399385458,空仓,536964.0196695221,满仓沪深300指数,522508.9335996659,5%多IF + 5%空IM
2363,2019-09-20,713213.9521879028,满仓中证1000指数,686422.7962871271,满仓中证1000指数,615243.487715733,满仓中证1000指数,537551.2894440716,满仓中证1000指数,521812.2470080818,7.5%多IM + 7.5%空IF
2364,2019-09-23,706120.5734623285,满仓中证1000指数,679595.8731107147,满仓中证1000指数,615243.487715733,空仓,537551.2894440716,空仓,522393.6576934194,7.5%多IM + 7.5%空IF
2365,2019-09-24,709673.2571067386,满仓中证1000指数,683015.1038114583,满仓中证1000指数,615243.487715733,空仓,537551.2894440716,空仓,523316.16057807516,7.5%多IM + 7.5%空IF
2366,2019-09-25,709673.2571067386,空仓,669763.6623232956,满仓中证1000指数,615243.487715733,空仓,527122.04795409,满仓中证1000指数,518728.9306990891,7.5%多IM + 7.5%空IF
2367,2019-09-26,709673.2571067386,空仓,664599.8509836425,满仓沪深300指数,610500.0215093194,满仓沪深300指数,523057.989299184,满仓沪深300指数,528469.9732442476,7.5%多IF + 7.5%空IM
2368,2019-09-27,709673.2571067386,空仓,666592.1251092575,满仓沪深300指数,612330.1203195137,满仓沪深300指数,524625.9627146681,满仓沪深300指数,526078.6583644414,7.5%多IF + 7.5%空IM
2369,2019-09-30,709673.2571067386,空仓,659995.6432953952,满仓沪深300指数,605496.8661914999,满仓中证1000指数,518771.436852846,满仓中证1000指数,525746.2820805617,5%多IM + 5%空IF
2370,2019-10-08,709673.2571067386,空仓,664001.2482712261,满仓沪深300指数,609171.7105404058,满仓沪深300指数,518771.436852846,空仓,527100.7915535534,5%多IF + 5%空IM
2371,2019-10-09,709673.2571067386,空仓,664963.2654811885,满仓沪深300指数,610054.2897085744,满仓沪深300指数,519523.0424433306,满仓沪深300指数,524052.7327248782,7.5%多IF + 7.5%空IM
2372,2019-10-10,709673.2571067386,空仓,675252.1143684501,满仓中证1000指数,619493.5425600761,满仓中证1000指数,527561.5226942386,满仓中证1000指数,526922.9600487582,7.5%多IM + 7.5%空IF
2373,2019-10-11,709673.2571067386,空仓,675721.2493705588,满仓中证1000指数,619923.938997512,满仓中证1000指数,527928.0488713437,满仓中证1000指数,523414.93024526164,7.5%多IM + 7.5%空IF
2374,2019-10-14,709673.2571067386,空仓,682892.7928950026,满仓沪深300指数,626503.2962613344,满仓沪深300指数,533531.0382457082,满仓沪深300指数,521371.7670291715,7.5%多IF + 7.5%空IM
2375,2019-10-15,706623.0330226377,满仓沪深300指数,672869.2662871578,满仓中证1000指数,617307.4568480116,满仓中证1000指数,525699.8492016775,满仓中证1000指数,517312.89950627746,7.5%多IM + 7.5%空IF
2376,2019-10-16,704187.9951169812,满仓沪深300指数,670550.5445750282,满仓沪深300指数,615180.2023054595,满仓沪深300指数,523888.2764111215,满仓沪深300指数,517600.82540359144,7.5%多IF + 7.5%空IM
2377,2019-10-17,704643.2856669743,满仓沪深300指数,670984.0869363787,满仓沪深300指数,615577.9451448641,满仓沪深300指数,523888.2764111215,空仓,518268.6674519837,7.5%多IF + 7.5%空IM
2378,2019-10-18,694618.3665183438,满仓沪深300指数,661438.0352555091,满仓沪深300指数,615577.9451448641,空仓,523888.2764111215,空仓,517816.0234629934,5%多IF + 5%空IM
2379,2019-10-21,696676.006220684,满仓沪深300指数,663397.3862136494,满仓沪深300指数,615577.9451448641,空仓,523888.2764111215,空仓,520212.4710288135,5%多IF + 5%空IM
2380,2019-10-22,699376.1366092577,满仓沪深300指数,665968.5375468681,满仓沪深300指数,617963.7610784975,满仓沪深300指数,525918.7276434365,满仓沪深300指数,516879.6814680955,7.5%多IF + 7.5%空IM
2381,2019-10-23,694924.8196757813,满仓沪深300指数,661729.8498462595,满仓沪深300指数,612992.5715634746,满仓中证1000指数,521687.9914267166,满仓中证1000指数,516879.6814680955,空仓
2382,2019-10-24,694849.9611633032,满仓沪深300指数,661658.5671537735,满仓沪深300指数,612926.5389355297,满仓沪深300指数,521687.9914267166,空仓,517593.2731337802,7.5%多IF + 7.5%空IM
2383,2019-10-25,694849.9611633032,空仓,666124.333820086,满仓沪深300指数,617063.3959828902,满仓沪深300指数,521687.9914267166,空仓,517340.2613980889,5%多IF + 5%空IM
2384,2019-10-28,694849.9611633032,空仓,671217.1488618838,满仓沪深300指数,617063.3959828902,空仓,521687.9914267166,空仓,513185.10052808217,5%多IF + 5%空IM
2385,2019-10-29,694849.9611633032,空仓,663918.3151735789,满仓中证1000指数,610353.4316888365,满仓中证1000指数,516015.1418979676,满仓中证1000指数,510603.33874299924,7.5%多IM + 7.5%空IF
2386,2019-10-30,694849.9611633032,空仓,657319.9244756432,满仓中证1000指数,607387.6132479578,满仓沪深300指数,513507.73038169404,满仓沪深300指数,511900.11190768017,5%多IF + 5%空IM
2387,2019-10-31,694849.9611633032,空仓,649954.8196269815,满仓中证1000指数,606689.3218673564,满仓沪深300指数,512917.3692775546,满仓沪深300指数,514473.7116312774,5%多IF + 5%空IM
2388,2019-11-01,694849.9611633032,空仓,656153.826688374,满仓中证1000指数,616934.4408438368,满仓沪深300指数,521578.968029907,满仓沪深300指数,516364.2304941188,5%多IF + 5%空IM
2389,2019-11-04,699374.2008027193,满仓沪深300指数,660426.1118120403,满仓沪深300指数,620951.3645082114,满仓沪深300指数,524975.0223929179,满仓沪深300指数,516469.52811530547,7.5%多IF + 7.5%空IM
2390,2019-11-05,703715.0405263869,满仓沪深300指数,662279.5081048877,满仓中证1000指数,622693.9802776884,满仓中证1000指数,524975.0223929179,空仓,515591.4307331543,5%多IM + 5%空IF
2391,2019-11-06,700562.6435082983,满仓沪深300指数,656436.0098743394,满仓中证1000指数,622693.9802776884,空仓,524975.0223929179,空仓,515591.4307331543,空仓
2392,2019-11-07,701792.1015516305,满仓沪深300指数,660808.2174892881,满仓中证1000指数,623786.7820844663,满仓沪深300指数,525896.3315289535,满仓沪深300指数,514326.79691904417,5%多IF + 5%空IM
2393,2019-11-08,698475.678343556,满仓沪深300指数,658532.1897219524,满仓中证1000指数,621638.2675845778,满仓中证1000指数,524084.98200026935,满仓中证1000指数,514821.06753364444,7.5%多IM + 7.5%空IF
2394,2019-11-11,686163.6228799181,满仓沪深300指数,641430.0805492896,满仓中证1000指数,621638.2675845778,空仓,524084.98200026935,空仓,514821.06753364444,空仓
2395,2019-11-12,686163.6228799181,空仓,641546.8467819458,满仓沪深300指数,621751.4309063207,满仓沪深300指数,524180.38667615777,满仓沪深300指数,513912.27355298307,7.5%多IF + 7.5%空IM
2396,2019-11-13,686163.6228799181,空仓,639667.5312388194,满仓中证1000指数,619930.1030735606,满仓中证1000指数,524180.38667615777,空仓,513149.24527269823,7.5%多IM + 7.5%空IF
2397,2019-11-14,687197.3596723186,满仓沪深300指数,644007.0674875359,满仓中证1000指数,619930.1030735606,空仓,524180.38667615777,空仓,513149.24527269823,空仓
2398,2019-11-15,682135.9464655417,满仓沪深300指数,636096.2391354671,满仓中证1000指数,612315.0303774987,满仓中证1000指数,517741.4805307739,满仓中证1000指数,511256.31634354027,7.5%多IM + 7.5%空IF
2399,2019-11-18,682135.9464655417,空仓,640637.8669261988,满仓中证1000指数,617185.6261598549,满仓沪深300指数,517741.4805307739,空仓,511256.31634354027,空仓
2400,2019-11-19,682135.9464655417,空仓,652587.6373329384,满仓中证1000指数,617185.6261598549,空仓,517741.4805307739,空仓,513466.2324533017,5%多IM + 5%空IF
2401,2019-11-20,682135.9464655417,空仓,649294.0390075999,满仓中证1000指数,614070.7011621172,满仓中证1000指数,515128.4483866109,满仓中证1000指数,515344.82724263455,7.5%多IM + 7.5%空IF
2402,2019-11-21,682135.9464655417,空仓,648207.077859169,满仓中证1000指数,614070.7011621172,空仓,514266.08930704254,满仓中证1000指数,516504.4010565855,7.5%多IM + 7.5%空IF
2403,2019-11-22,682135.9464655417,空仓,639620.2613234638,满仓中证1000指数,605936.0901235493,满仓中证1000指数,514266.08930704254,空仓,515317.00777657866,7.5%多IM + 7.5%空IF
2404,2019-11-25,682135.9464655417,空仓,635948.6765086066,满仓中证1000指数,610376.1597099556,满仓沪深300指数,514266.08930704254,空仓,515317.00777657866,空仓
2405,2019-11-26,682135.9464655417,空仓,638153.7498910519,满仓沪深300指数,612492.5635531789,满仓沪深300指数,516049.2433679187,满仓沪深300指数,516930.21675588813,7.5%多IF + 7.5%空IM
2406,2019-11-27,682135.9464655417,空仓,635524.3779648893,满仓沪深300指数,612492.5635531789,空仓,513922.9761583932,满仓沪深300指数,515953.69727945264,5%多IF + 5%空IM
2407,2019-11-28,682135.9464655417,空仓,633340.8679673712,满仓沪深300指数,610726.4169468093,满仓中证1000指数,513922.9761583932,空仓,515953.69727945264,空仓
2408,2019-11-29,682135.9464655417,空仓,627825.839595635,满仓沪深300指数,610726.4169468093,空仓,513922.9761583932,空仓,513934.2167416542,5%多IF + 5%空IM
2409,2019-12-02,682135.9464655417,空仓,629193.6280031856,满仓中证1000指数,612056.9523606157,满仓中证1000指数,515042.61451162834,满仓中证1000指数,514030.14821821405,7.5%多IM + 7.5%空IF
2410,2019-12-03,682135.9464655417,空仓,633305.0758512436,满仓中证1000指数,612056.9523606157,空仓,515042.61451162834,空仓,514702.7065193112,5%多IM + 5%空IF
2411,2019-12-04,682135.9464655417,空仓,634326.2053536869,满仓中证1000指数,612056.9523606157,空仓,515042.61451162834,空仓,515202.410079288,5%多IM + 5%空IF
2412,2019-12-05,682135.9464655417,空仓,641482.4884098469,满仓中证1000指数,612056.9523606157,空仓,515042.61451162834,空仓,516131.6737700756,5%多IM + 5%空IF
2413,2019-12-06,682135.9464655417,空仓,646060.1445406099,满仓中证1000指数,612056.9523606157,空仓,518717.9883909181,满仓中证1000指数,516596.8536293457,7.5%多IM + 7.5%空IF
2414,2019-12-09,684563.1718582929,满仓中证1000指数,648359.0024093363,满仓中证1000指数,614234.8176150084,满仓中证1000指数,518717.9883909181,空仓,518664.38556245074,7.5%多IM + 7.5%空IF
2415,2019-12-10,688711.1144668057,满仓中证1000指数,652287.5747343798,满仓中证1000指数,617956.6228133528,满仓中证1000指数,521861.0327939759,满仓中证1000指数,520528.36782319745,7.5%多IM + 7.5%空IF
2416,2019-12-11,685933.8028937473,满仓中证1000指数,649657.1455279709,满仓中证1000指数,615464.6373580052,满仓中证1000指数,519756.5645264223,满仓中证1000指数,518717.34025221615,7.5%多IM + 7.5%空IF
2417,2019-12-12,685874.5177548107,满仓中证1000指数,649600.9957742026,满仓中证1000指数,613615.6015877788,满仓沪深300指数,519756.5645264223,空仓,519474.11322503624,5%多IM + 5%空IF
2418,2019-12-13,695126.5293837595,满仓中证1000指数,658363.7006298277,满仓中证1000指数,613615.6015877788,空仓,526767.7504718666,满仓中证1000指数,516999.97245754994,7.5%多IM + 7.5%空IF
2419,2019-12-16,708187.6079568262,满仓中证1000指数,661569.9423444795,满仓沪深300指数,616603.9193469288,满仓沪深300指数,529333.117811956,满仓沪深300指数,513401.7865213724,5%多IF + 5%空IM
2420,2019-12-17,717061.6040924682,满仓中证1000指数,669859.7924433246,满仓中证1000指数,624330.3194364371,满仓中证1000指数,535965.964799328,满仓中证1000指数,512987.82267634134,7.5%多IM + 7.5%空IF
2421,2019-12-18,716824.8255833717,满仓中证1000指数,669638.6002862586,满仓中证1000指数,624124.1614140633,满仓中证1000指数,535965.964799328,空仓,513719.11129359883,7.5%多IM + 7.5%空IF
2422,2019-12-19,719970.2351575745,满仓中证1000指数,672576.9578729704,满仓中证1000指数,624124.1614140633,空仓,535965.964799328,空仓,515947.9339227505,7.5%多IM + 7.5%空IF
2423,2019-12-20,711312.7299883919,满仓中证1000指数,664489.3478508922,满仓中证1000指数,616619.1870556838,满仓中证1000指数,529521.0759911947,满仓中证1000指数,512245.7663103918,7.5%多IM + 7.5%空IF
2424,2019-12-23,695270.0808804826,满仓中证1000指数,656193.0163864853,满仓沪深300指数,608920.527657046,满仓沪深300指数,522909.8603591902,满仓沪深300指数,514824.490112378,5%多IF + 5%空IM
2425,2019-12-24,699802.6166190217,满仓沪深300指数,660470.8048027294,满仓沪深300指数,612890.1419543282,满仓沪深300指数,526318.762446723,满仓沪深300指数,510545.0915649203,7.5%多IF + 7.5%空IM
2426,2019-12-25,703982.3745135232,满仓中证1000指数,664415.6429540918,满仓中证1000指数,616550.7918982684,满仓中证1000指数,529462.3417219609,满仓中证1000指数,513032.63526995835,7.5%多IM + 7.5%空IF
2427,2019-12-26,709001.897788672,满仓中证1000指数,669153.048185985,满仓中证1000指数,616550.7918982684,空仓,533237.5051973601,满仓中证1000指数,512390.0196136516,7.5%多IM + 7.5%空IF
2428,2019-12-27,703280.0569107931,满仓中证1000指数,663752.7985158366,满仓中证1000指数,616550.7918982684,空仓,533237.5051973601,空仓,509666.6763399876,7.5%多IM + 7.5%空IF
2429,2019-12-30,707253.8157954396,满仓中证1000指数,667503.2156567649,满仓中证1000指数,625687.9440287364,满仓沪深300指数,541139.9720673781,满仓沪深300指数,509666.6763399876,空仓
2430,2019-12-31,709844.0839748848,满仓沪深300指数,669947.9000127603,满仓沪深300指数,625687.9440287364,空仓,543121.8597843013,满仓沪深300指数,508506.5383309686,7.5%多IF + 7.5%空IM
2431,2020-01-02,506793.3094762095,满仓沪深300指数,506793.3094762095,满仓沪深300指数,500000.0,空仓,509836.9185165599,满仓中证1000指数,498478.1954798248,5%多IF + 5%空IM
2432,2020-01-03,505905.2642933728,满仓沪深300指数,505905.2642933728,满仓沪深300指数,502597.1636790669,满仓中证1000指数,512485.17837059713,满仓中证1000指数,498478.1954798248,空仓
2433,2020-01-06,503992.7553264464,满仓沪深300指数,511108.76055803034,满仓中证1000指数,507766.6344247101,满仓中证1000指数,517756.35244123766,满仓中证1000指数,503736.84818205476,7.5%多IM + 7.5%空IF
2434,2020-01-07,511653.7557757245,满仓中证1000指数,518877.9286718236,满仓中证1000指数,515485.0001618059,满仓中证1000指数,525626.568048007,满仓中证1000指数,506649.6120017584,7.5%多IM + 7.5%空IF
2435,2020-01-08,504669.50945360714,满仓中证1000指数,511795.0699533144,满仓中证1000指数,508448.4560617272,满仓中证1000指数,518451.58812602697,满仓中证1000指数,505838.6844267352,7.5%多IM + 7.5%空IF
2436,2020-01-09,512687.24661491317,满仓中证1000指数,519926.0116378648,满仓中证1000指数,514884.2468755177,满仓沪深300指数,518451.58812602697,空仓,506655.4618632727,5%多IM + 5%空IF
2437,2020-01-10,511612.8312450656,满仓中证1000指数,518836.42631703697,满仓中证1000指数,513805.2273520401,满仓中证1000指数,518451.58812602697,空仓,505967.2417078027,7.5%多IM + 7.5%空IF
2438,2020-01-13,518154.93351911433,满仓中证1000指数,525470.8982402835,满仓中证1000指数,513805.2273520401,空仓,518451.58812602697,空仓,507100.4339341063,7.5%多IM + 7.5%空IF
2439,2020-01-14,517052.55902748794,满仓中证1000指数,524352.9590355402,满仓中证1000指数,512712.10685919755,满仓中证1000指数,518451.58812602697,空仓,507567.07703211834,7.5%多IM + 7.5%空IF
2440,2020-01-15,517000.5312808632,满仓中证1000指数,524300.196695584,满仓中证1000指数,509879.0446735032,满仓沪深300指数,518451.58812602697,空仓,508943.85669424816,5%多IM + 5%空IF
2441,2020-01-16,516005.0711420304,满仓中证1000指数,523290.68139528134,满仓中证1000指数,508897.2966212505,满仓中证1000指数,517453.3340456774,满仓中证1000指数,509829.5404435047,7.5%多IM + 7.5%空IF
2442,2020-01-17,514018.75826185616,满仓中证1000指数,521276.3232452149,满仓中证1000指数,508897.2966212505,空仓,517453.3340456774,空仓,507822.22729884996,7.5%多IM + 7.5%空IF
2443,2020-01-20,520615.5285748304,满仓中证1000指数,527966.2350796942,满仓中证1000指数,512691.4898493515,满仓沪深300指数,517453.3340456774,空仓,509187.7612899699,5%多IM + 5%空IF
2444,2020-01-21,515981.19485635875,满仓中证1000指数,523266.4679941016,满仓中证1000指数,508127.6930969064,满仓中证1000指数,512847.1490548684,满仓中证1000指数,512313.5476176337,7.5%多IM + 7.5%空IF
2445,2020-01-22,517531.125121001,满仓中证1000指数,524838.2821286113,满仓中证1000指数,508127.6930969064,空仓,514387.6651151037,满仓中证1000指数,511821.95837627706,7.5%多IM + 7.5%空IF
2446,2020-01-23,498246.6137541222,满仓中证1000指数,505281.48771336547,满仓中证1000指数,489193.57725785975,满仓中证1000指数,514387.6651151037,空仓,509412.4087161437,7.5%多IM + 7.5%空IF
2447,2020-02-03,498246.6137541222,空仓,461053.1614461949,满仓中证1000指数,450640.71544144454,满仓沪深300指数,514387.6651151037,空仓,509412.4087161437,空仓
2448,2020-02-04,498246.6137541222,空仓,473213.3589560063,满仓沪深300指数,462526.28648609767,满仓沪深300指数,527954.5509483772,满仓沪深300指数,518612.09372513206,7.5%多IF + 7.5%空IM
2449,2020-02-05,498246.6137541222,空仓,478574.6570581489,满仓沪深300指数,467766.504782977,满仓沪深300指数,533936.042549252,满仓沪深300指数,512851.698640321,7.5%多IF + 7.5%空IM
2450,2020-02-06,498246.6137541222,空仓,487480.8075247339,满仓沪深300指数,482398.6083654831,满仓中证1000指数,550637.9812326103,满仓中证1000指数,516100.88189692795,5%多IM + 5%空IF
2451,2020-02-07,498246.6137541222,空仓,493486.7214676949,满仓中证1000指数,488341.90804687666,满仓中证1000指数,557422.0110404731,满仓中证1000指数,520860.42355844664,7.5%多IM + 7.5%空IF
2452,2020-02-10,498246.6137541222,空仓,500377.528980163,满仓中证1000指数,495160.87589795527,满仓中证1000指数,565205.579704426,满仓中证1000指数,524698.8898346574,7.5%多IM + 7.5%空IF
2453,2020-02-11,498246.6137541222,空仓,496992.2069890306,满仓中证1000指数,491810.84735901945,满仓中证1000指数,561381.6612275433,满仓中证1000指数,518372.66837329796,7.5%多IM + 7.5%空IF
2454,2020-02-12,498246.6137541222,空仓,508570.10806983395,满仓中证1000指数,495788.6967049434,满仓沪深300指数,565922.2110871471,满仓沪深300指数,514431.0217747281,5%多IF + 5%空IM
2455,2020-02-13,498246.6137541222,空仓,504440.4721731701,满仓中证1000指数,491762.8470401971,满仓中证1000指数,561326.870856683,满仓中证1000指数,513671.8286853411,7.5%多IM + 7.5%空IF
2456,2020-02-14,498246.6137541222,空仓,506234.30792690074,满仓中证1000指数,495217.10481325095,满仓沪深300指数,561326.870856683,空仓,513671.8286853411,空仓
2457,2020-02-17,516396.7624112473,满仓中证1000指数,517620.2484578751,满仓沪深300指数,506355.2525385908,满仓沪深300指数,573951.9226754449,满仓沪深300指数,510092.4097226669,5%多IF + 5%空IM
2458,2020-02-18,528201.8190426577,满仓中证1000指数,529453.2745172904,满仓中证1000指数,517930.7558471685,满仓中证1000指数,587072.7155310255,满仓中证1000指数,520706.5017422303,7.5%多IM + 7.5%空IF
2459,2020-02-19,523492.0998299867,满仓中证1000指数,524732.3966836525,满仓中证1000指数,513312.6187190765,满仓中证1000指数,581838.0731123706,满仓中证1000指数,517821.08757447056,7.5%多IM + 7.5%空IF
2460,2020-02-20,533611.9488016713,满仓中证1000指数,534876.2223626137,满仓中证1000指数,525139.747089996,满仓沪深300指数,595244.0821034616,满仓沪深300指数,517821.08757447056,空仓
2461,2020-02-21,543101.3856580226,满仓中证1000指数,544388.1423064457,满仓中证1000指数,525139.747089996,空仓,595938.3565793835,满仓沪深300指数,522123.41303783795,5%多IM + 5%空IF
2462,2020-02-24,555013.0535446145,满仓中证1000指数,556328.0322124463,满仓中证1000指数,536657.4681390888,满仓中证1000指数,609008.8807428495,满仓中证1000指数,532283.5093739699,7.5%多IM + 7.5%空IF
2463,2020-02-25,557338.1201068087,满仓中证1000指数,558658.607497203,满仓中证1000指数,538905.6392884935,满仓中证1000指数,611560.1471962262,满仓中证1000指数,534823.7552598056,7.5%多IM + 7.5%空IF
2464,2020-02-26,541218.7001331586,满仓中证1000指数,542500.9961814435,满仓中证1000指数,538905.6392884935,空仓,593872.5093043231,满仓中证1000指数,528167.5655039173,7.5%多IM + 7.5%空IF
2465,2020-02-27,542110.664730607,满仓中证1000指数,543395.0740884988,满仓中证1000指数,540474.9430602815,满仓沪深300指数,595601.8776776859,满仓沪深300指数,528167.5655039173,空仓
2466,2020-02-28,510697.6966656058,满仓中证1000指数,524129.291073029,满仓沪深300指数,540474.9430602815,空仓,595601.8776776859,空仓,528167.5655039173,空仓
2467,2020-03-02,531787.2314070725,满仓中证1000指数,541371.7871488972,满仓沪深300指数,558255.1687479992,满仓沪深300指数,615195.636724452,满仓沪深300指数,525949.7567632066,5%多IF + 5%空IM
2468,2020-03-03,538961.9531530626,满仓中证1000指数,544257.8281057038,满仓沪深300指数,565786.9883601961,满仓中证1000指数,623495.6809003274,满仓中证1000指数,529168.8600728465,7.5%多IM + 7.5%空IF
2469,2020-03-04,541627.3650130895,满仓中证1000指数,546949.4304747739,满仓中证1000指数,568585.0622134649,满仓中证1000指数,626579.150471463,满仓中证1000指数,528833.4937726401,7.5%多IM + 7.5%空IF
2470,2020-03-05,549395.4685126875,满仓中证1000指数,554793.863860948,满仓中证1000指数,581251.6634535309,满仓沪深300指数,626579.150471463,空仓,526735.2800099833,5%多IM + 5%空IF
2471,2020-03-06,547734.3301531485,满仓中证1000指数,553116.4030486279,满仓中证1000指数,581251.6634535309,空仓,616418.2978336362,满仓沪深300指数,530209.8409055034,5%多IM + 5%空IF
2472,2020-03-09,526238.3313026027,满仓中证1000指数,531409.1831253725,满仓中证1000指数,558440.2667569217,满仓中证1000指数,592226.7759730613,满仓中证1000指数,528187.9498035333,7.5%多IM + 7.5%空IF
2473,2020-03-10,526238.3313026027,空仓,542789.3649598123,满仓沪深300指数,570399.3220031827,满仓沪深300指数,592226.7759730613,空仓,526999.0749850847,5%多IF + 5%空IM
2474,2020-03-11,526238.3313026027,空仓,535569.9644751939,满仓沪深300指数,570399.3220031827,空仓,584259.177661938,满仓中证1000指数,526999.0749850847,空仓
2475,2020-03-12,526238.3313026027,空仓,525264.1588068365,满仓沪深300指数,570399.3220031827,空仓,584259.177661938,空仓,527233.5542029317,5%多IF + 5%空IM
2476,2020-03-13,526238.3313026027,空仓,517872.4981135371,满仓沪深300指数,562372.5069668917,满仓沪深300指数,584259.177661938,空仓,525904.2497592666,5%多IF + 5%空IM
2477,2020-03-16,500774.65217630746,满仓中证1000指数,495607.36426432006,满仓沪深300指数,562372.5069668917,空仓,555987.979344342,满仓中证1000指数,524485.7163305092,5%多IM + 5%空IF
2478,2020-03-17,500774.65217630746,空仓,493193.3548754601,满仓沪深300指数,559633.2972421331,满仓沪深300指数,555987.979344342,空仓,523896.9652465514,5%多IF + 5%空IM
2479,2020-03-18,500774.65217630746,空仓,483431.5840916773,满仓沪深300指数,551023.9048274189,满仓中证1000指数,555987.979344342,空仓,523896.9652465514,空仓
2480,2020-03-19,500774.65217630746,空仓,477161.2566576963,满仓沪深300指数,551023.9048274189,空仓,562100.786020608,满仓中证1000指数,523896.9652465514,空仓
2481,2020-03-20,500774.65217630746,空仓,481686.8854541103,满仓中证1000指数,556250.0828047903,满仓中证1000指数,567432.0225118529,满仓中证1000指数,520602.73916135647,7.5%多IM + 7.5%空IF
2482,2020-03-23,500774.65217630746,空仓,460118.94223490055,满仓中证1000指数,537534.2293080454,满仓沪深300指数,548339.9361805677,满仓沪深300指数,523499.73307369876,5%多IF + 5%空IM
2483,2020-03-24,500774.65217630746,空仓,472475.7541491999,满仓沪深300指数,551970.0822133718,满仓沪深300指数,563065.9838054947,满仓沪深300指数,526745.7477322406,7.5%多IF + 7.5%空IM
2484,2020-03-25,500774.65217630746,空仓,485170.74374187976,满仓沪深300指数,566801.0113936162,满仓沪深300指数,578195.0496710534,满仓沪深300指数,528097.1776205882,7.5%多IF + 7.5%空IM
2485,2020-03-26,500774.65217630746,空仓,481981.3530031126,满仓沪深300指数,566801.0113936162,空仓,578195.0496710534,空仓,528755.234059494,5%多IF + 5%空IM
2486,2020-03-27,500774.65217630746,空仓,483547.0946702369,满仓沪深300指数,568642.2941631208,满仓沪深300指数,578195.0496710534,空仓,531590.0761919818,5%多IF + 5%空IM
2487,2020-03-30,500774.65217630746,空仓,478861.62579735287,满仓沪深300指数,563132.2708407313,满仓沪深300指数,572592.4621722351,满仓沪深300指数,537648.2840680394,7.5%多IF + 7.5%空IM
2488,2020-03-31,500774.65217630746,空仓,480431.4078190576,满仓沪深300指数,564978.3049912766,满仓沪深300指数,574469.5082842199,满仓沪深300指数,538097.3463361854,7.5%多IF + 7.5%空IM
2489,2020-04-01,500774.65217630746,空仓,478987.3981254205,满仓沪深300指数,564978.3049912766,空仓,574469.5082842199,空仓,538470.0159029006,5%多IF + 5%空IM
2490,2020-04-02,508876.1059722297,满仓沪深300指数,486736.38114178914,满仓沪深300指数,579125.6014955861,满仓中证1000指数,574469.5082842199,空仓,536083.8987941212,5%多IF + 5%空IM
2491,2020-04-03,505972.04080449167,满仓沪深300指数,483969.4310256292,满仓中证1000指数,575833.4464144919,满仓中证1000指数,571203.8216943893,满仓中证1000指数,536092.7932374346,7.5%多IM + 7.5%空IF
2492,2020-04-07,517527.51481838065,满仓沪深300指数,500495.4137138643,满仓中证1000指数,575833.4464144919,空仓,571203.8216943893,空仓,536092.7932374346,空仓
2493,2020-04-08,515118.81798305135,满仓沪深300指数,502513.09300553217,满仓中证1000指数,578154.8407538703,满仓中证1000指数,573506.5523304251,满仓中证1000指数,539585.0102683053,7.5%多IM + 7.5%空IF
2494,2020-04-09,516817.4650732773,满仓沪深300指数,508764.6094352055,满仓中证1000指数,585347.3786920375,满仓中证1000指数,580641.2632152209,满仓中证1000指数,543285.0478139725,7.5%多IM + 7.5%空IF
2495,2020-04-10,503272.002938421,满仓中证1000指数,495430.2076040243,满仓中证1000指数,570005.7904338192,满仓中证1000指数,565423.0192967386,满仓中证1000指数,535144.5085445725,7.5%多IM + 7.5%空IF
2496,2020-04-13,501146.10304809903,满仓沪深300指数,490273.75496626156,满仓中证1000指数,567597.9965563711,满仓沪深300指数,563034.5837634876,满仓沪深300指数,536799.1415112687,5%多IF + 5%空IM
2497,2020-04-14,510818.8434011198,满仓沪深300指数,499736.64553818334,满仓沪深300指数,578553.3407408147,满仓沪深300指数,573901.8484302002,满仓沪深300指数,536404.6813121701,7.5%多IF + 7.5%空IM
2498,2020-04-15,507762.8423332554,满仓中证1000指数,496035.1162210223,满仓沪深300指数,575092.1144177048,满仓中证1000指数,573901.8484302002,空仓,536786.7104506776,5%多IM + 5%空IF
2499,2020-04-16,511622.89833854133,满仓中证1000指数,496690.6378244606,满仓沪深300指数,579464.0132349752,满仓中证1000指数,573901.8484302002,空仓,538472.3715239267,5%多IM + 5%空IF
2500,2020-04-17,512438.92502981646,满仓中证1000指数,497482.8479055329,满仓中证1000指数,580388.2449356453,满仓中证1000指数,574817.2086066349,满仓中证1000指数,535175.3948715349,7.5%多IM + 7.5%空IF
2501,2020-04-20,520816.35273698403,满仓中证1000指数,505615.7714410391,满仓中证1000指数,582499.68919737,满仓沪深300指数,576908.3855166491,满仓沪深300指数,535175.3948715349,空仓
2502,2020-04-21,518088.677467273,满仓中证1000指数,502967.7062862339,满仓中证1000指数,579448.9593412735,满仓中证1000指数,573886.9390359598,满仓中证1000指数,537802.9691444254,7.5%多IM + 7.5%空IF
2503,2020-04-22,522894.5827959535,满仓中证1000指数,507633.3461369482,满仓中证1000指数,584824.056235902,满仓中证1000指数,579210.4413982503,满仓中证1000指数,538225.4129727985,7.5%多IM + 7.5%空IF
2504,2020-04-23,519567.0903505918,满仓中证1000指数,506359.9734403558,满仓沪深300指数,584824.056235902,空仓,579210.4413982503,空仓,538225.4129727985,空仓
2505,2020-04-24,515119.90556553623,满仓沪深300指数,496391.7392322847,满仓中证1000指数,579818.3106967228,满仓沪深300指数,579210.4413982503,空仓,541219.7381419011,5%多IF + 5%空IM
2506,2020-04-27,518619.6670443955,满仓沪深300指数,499764.26020967116,满仓沪深300指数,583757.6377671567,满仓沪深300指数,583145.6385611966,满仓沪深300指数,546112.6584577606,7.5%多IF + 7.5%空IM
2507,2020-04-28,522198.1961858277,满仓沪深300指数,503212.6851010734,满仓沪深300指数,587785.6256184246,满仓沪深300指数,587169.4035548826,满仓沪深300指数,555066.2089011709,7.5%多IF + 7.5%空IM
2508,2020-04-29,524624.6499043033,满仓沪深300指数,505550.9204681543,满仓沪深300指数,590516.8388385498,满仓沪深300指数,589897.7534286225,满仓沪深300指数,558016.3923765682,7.5%多IF + 7.5%空IM
2509,2020-04-30,530803.583671808,满仓沪深300指数,511505.20731732086,满仓沪深300指数,597471.8388303445,满仓沪深300指数,596845.4619449879,满仓沪深300指数,553097.7926847413,7.5%多IF + 7.5%空IM
2510,2020-05-06,534015.706159646,满仓沪深300指数,522698.25937196123,满仓中证1000指数,610546.062313393,满仓中证1000指数,609905.9786876489,满仓中证1000指数,559664.9206326413,7.5%多IM + 7.5%空IF
2511,2020-05-07,532474.635698978,满仓沪深300指数,522108.5141516395,满仓中证1000指数,609857.2009759395,满仓中证1000指数,609217.8395379053,满仓中证1000指数,560402.6474207978,7.5%多IM + 7.5%空IF
2512,2020-05-08,537728.5853118359,满仓沪深300指数,528134.5595853407,满仓中证1000指数,616896.0197301641,满仓中证1000指数,609217.8395379053,空仓,560871.9025360617,5%多IM + 5%空IF
2513,2020-05-11,537261.7044403611,满仓沪深300指数,527146.9996083535,满仓中证1000指数,615742.48450322,满仓中证1000指数,609217.8395379053,空仓,560591.0022185748,5%多IM + 5%空IF
2514,2020-05-12,537269.5052336749,满仓沪深300指数,528741.7178154367,满仓中证1000指数,615751.424801433,满仓沪深300指数,609217.8395379053,空仓,559747.1256974459,5%多IF + 5%空IM
2515,2020-05-13,538356.8815552176,满仓沪深300指数,533022.4806109297,满仓中证1000指数,620736.6296788773,满仓中证1000指数,609217.8395379053,空仓,561446.584717196,5%多IM + 5%空IF
2516,2020-05-14,532518.4693741025,满仓沪深300指数,528176.889504083,满仓中证1000指数,620736.6296788773,空仓,603679.5730430029,满仓中证1000指数,561938.9990419759,5%多IM + 5%空IF
2517,2020-05-15,534947.1116213441,满仓中证1000指数,530585.731228153,满仓中证1000指数,620736.6296788773,空仓,603679.5730430029,空仓,565192.7064927754,7.5%多IM + 7.5%空IF
2518,2020-05-18,532228.4070058789,满仓中证1000指数,527889.1919908104,满仓中证1000指数,620736.6296788773,空仓,600611.5567740303,满仓中证1000指数,561944.6650511045,7.5%多IM + 7.5%空IF
2519,2020-05-19,539181.5208528044,满仓中证1000指数,534785.6176647469,满仓中证1000指数,626011.7913943216,满仓沪深300指数,605715.6910214112,满仓沪深300指数,561944.6650511045,空仓
2520,2020-05-20,532755.0459018758,满仓中证1000指数,531943.227523416,满仓沪深300指数,626011.7913943216,空仓,598496.1989483582,满仓中证1000指数,560089.1415980138,5%多IM + 5%空IF
2521,2020-05-21,526015.8663344226,满仓中证1000指数,529046.8214933452,满仓沪深300指数,622603.1864273374,满仓沪深300指数,598496.1989483582,空仓,562106.7855218436,5%多IF + 5%空IM
2522,2020-05-22,526015.8663344226,空仓,516917.4563509007,满仓沪深300指数,608328.8706574965,满仓沪深300指数,584774.5799186499,满仓沪深300指数,560276.8210084806,7.5%多IF + 7.5%空IM
2523,2020-05-25,526015.8663344226,空仓,517628.5438952342,满仓沪深300指数,608328.8706574965,空仓,584774.5799186499,空仓,561254.7964804661,5%多IF + 5%空IM
2524,2020-05-26,526015.8663344226,空仓,523501.29838931136,满仓沪深300指数,608328.8706574965,空仓,584774.5799186499,空仓,557681.3788675667,5%多IF + 5%空IM
2525,2020-05-27,526015.8663344226,空仓,520214.8535025859,满仓中证1000指数,604509.8938706749,满仓中证1000指数,581103.4726377823,满仓中证1000指数,557988.5388736887,7.5%多IM + 7.5%空IF
2526,2020-05-28,526015.8663344226,空仓,519029.1106765279,满仓中证1000指数,606242.0060732069,满仓沪深300指数,581103.4726377823,空仓,557988.5388736887,空仓
2527,2020-05-29,526015.8663344226,空仓,524208.94076740276,满仓中证1000指数,607875.3843118758,满仓沪深300指数,582669.1209384823,满仓沪深300指数,555955.9045412627,5%多IF + 5%空IM
2528,2020-06-01,526015.8663344226,空仓,540195.9427208318,满仓中证1000指数,626413.9940162598,满仓中证1000指数,600439.0055211635,满仓中证1000指数,557424.1860399663,7.5%多IM + 7.5%空IF
2529,2020-06-02,526810.1840097976,满仓中证1000指数,541011.6732204823,满仓中证1000指数,627359.9192998767,满仓中证1000指数,601345.7069071762,满仓中证1000指数,556768.2909264285,7.5%多IM + 7.5%空IF
2530,2020-06-03,526090.6819148288,满仓中证1000指数,540272.775142769,满仓中证1000指数,627372.5182557183,满仓沪深300指数,601345.7069071762,空仓,556382.4912717476,5%多IM + 5%空IF
2531,2020-06-04,527154.9500011479,满仓中证1000指数,541365.7332434496,满仓中证1000指数,627372.5182557183,空仓,601345.7069071762,空仓,557379.8592733985,7.5%多IM + 7.5%空IF
2532,2020-06-05,527906.4055891676,满仓中证1000指数,542137.4462007257,满仓中证1000指数,628266.8332661573,满仓中证1000指数,601345.7069071762,空仓,555974.3086485264,7.5%多IM + 7.5%空IF
2533,2020-06-08,526686.8984645136,满仓中证1000指数,540885.064204251,满仓中证1000指数,628266.8332661573,空仓,601345.7069071762,空仓,552853.4314100047,7.5%多IM + 7.5%空IF
2534,2020-06-09,530276.6246085865,满仓中证1000指数,544257.147877761,满仓沪深300指数,632183.6881975861,满仓沪深300指数,605094.7252746555,满仓沪深300指数,552692.7465787069,5%多IF + 5%空IM
2535,2020-06-10,529316.9448617761,满仓沪深300指数,543272.1665724646,满仓沪深300指数,632183.6881975861,空仓,605094.7252746555,空仓,551873.0857520615,5%多IF + 5%空IM
2536,2020-06-11,523575.20564860536,满仓沪深300指数,537379.0487863944,满仓沪深300指数,632183.6881975861,空仓,605094.7252746555,空仓,549879.450257911,5%多IF + 5%空IM
2537,2020-06-12,523902.0292501139,满仓中证1000指数,537714.4889566025,满仓中证1000指数,632578.3068647089,满仓中证1000指数,605472.4345993799,满仓中证1000指数,549393.9562474751,7.5%多IM + 7.5%空IF
2538,2020-06-15,523709.5956108353,满仓中证1000指数,537516.9818842387,满仓中证1000指数,632578.3068647089,空仓,605472.4345993799,空仓,554193.0834946436,7.5%多IM + 7.5%空IF
2539,2020-06-16,534370.6172807176,满仓中证1000指数,548459.07696866,满仓中证1000指数,645455.5409156075,满仓中证1000指数,617797.8813734677,满仓中证1000指数,556392.568910004,7.5%多IM + 7.5%空IF
2540,2020-06-17,536668.7195124808,满仓中证1000指数,550817.7677125981,满仓中证1000指数,648231.372466059,满仓中证1000指数,620454.7690167064,满仓中证1000指数,557872.8566847245,7.5%多IM + 7.5%空IF
2541,2020-06-18,534162.4609453214,满仓中证1000指数,548245.4326778166,满仓中证1000指数,648231.372466059,空仓,620454.7690167064,空仓,553128.8911527058,7.5%多IM + 7.5%空IF
2542,2020-06-19,537447.6357766646,满仓中证1000指数,551617.2197810222,满仓中证1000指数,648231.372466059,空仓,628788.8910477596,满仓沪深300指数,551114.9106826292,5%多IM + 5%空IF
2543,2020-06-22,541001.1388307007,满仓中证1000指数,555264.4094692197,满仓中证1000指数,648231.372466059,空仓,629300.7329472871,满仓沪深300指数,552712.5377783539,5%多IM + 5%空IF
2544,2020-06-23,541946.3160913993,满仓中证1000指数,556234.505936373,满仓中证1000指数,648231.372466059,空仓,630400.1774774934,满仓中证1000指数,551441.0713261764,7.5%多IM + 7.5%空IF
2545,2020-06-24,540962.3185384632,满仓中证1000指数,555224.5656960786,满仓中证1000指数,647054.3959550951,满仓中证1000指数,630400.1774774934,空仓,548964.7874904346,7.5%多IM + 7.5%空IF
2546,2020-06-29,539556.1361917648,满仓中证1000指数,553781.3099350407,满仓中证1000指数,642478.0886128724,满仓沪深300指数,630400.1774774934,空仓,550192.5786185854,5%多IM + 5%空IF
2547,2020-06-30,548952.7924966154,满仓中证1000指数,563425.705185992,满仓中证1000指数,653667.1853113238,满仓中证1000指数,641378.9309471186,满仓中证1000指数,551932.189821228,7.5%多IM + 7.5%空IF
2548,2020-07-01,550673.8370345713,满仓中证1000指数,565192.1243493671,满仓中证1000指数,653667.1853113238,空仓,641378.9309471186,空仓,544897.2610766606,7.5%多IM + 7.5%空IF
2549,2020-07-02,562089.8823116203,满仓沪深300指数,576909.1489252029,满仓沪深300指数,667218.3905471134,满仓沪深300指数,654675.3878023546,满仓沪深300指数,548561.3884949024,7.5%多IF + 7.5%空IM
2550,2020-07-03,572947.1881336996,满仓沪深300指数,588052.7031120827,满仓沪深300指数,680106.3544551159,满仓沪深300指数,667321.071567959,满仓沪深300指数,552377.3402741941,7.5%多IF + 7.5%空IM
2551,2020-07-06,605421.4104599686,满仓沪深300指数,621383.0948409083,满仓沪深300指数,718654.2789715548,满仓沪深300指数,705144.33571852,满仓沪深300指数,560022.1644878655,7.5%多IF + 7.5%空IM
2552,2020-07-07,609055.355943027,满仓沪深300指数,625112.8477894046,满仓沪深300指数,722967.8866931006,满仓沪深300指数,709376.8521598226,满仓沪深300指数,556806.3390370033,7.5%多IF + 7.5%空IM
2553,2020-07-08,618891.9964572486,满仓沪深300指数,635208.8272509183,满仓沪深300指数,722967.8866931006,空仓,725621.8517114948,满仓中证1000指数,554927.1930704314,5%多IF + 5%空IM
2554,2020-07-09,627547.5317681435,满仓沪深300指数,644092.5621602972,满仓沪深300指数,722967.8866931006,空仓,747282.3297288804,满仓中证1000指数,550525.1268225891,5%多IF + 5%空IM
2555,2020-07-10,616186.3362969874,满仓沪深300指数,641245.0113725616,满仓中证1000指数,719771.6259439379,满仓中证1000指数,743978.5741637746,满仓中证1000指数,556174.7913590405,7.5%多IM + 7.5%空IF
2556,2020-07-13,629127.8180688581,满仓沪深300指数,663903.5076405953,满仓中证1000指数,745204.8728480792,满仓中证1000指数,770267.1775013728,满仓中证1000指数,562153.3711534597,7.5%多IM + 7.5%空IF
2557,2020-07-14,624190.5348374961,满仓中证1000指数,658693.3109820244,满仓中证1000指数,739356.6375340918,满仓中证1000指数,764222.2576775766,满仓中证1000指数,562864.5382305714,7.5%多IM + 7.5%空IF
2558,2020-07-15,606044.8731946307,满仓中证1000指数,639544.6291606792,满仓中证1000指数,739356.6375340918,空仓,764222.2576775766,空仓,556056.9987379605,7.5%多IM + 7.5%空IF
2559,2020-07-16,574319.173576799,满仓中证1000指数,606065.2587470743,满仓中证1000指数,703792.5616844269,满仓沪深300指数,727462.1111416711,满仓沪深300指数,556056.9987379605,空仓
2560,2020-07-17,575542.2236685823,满仓中证1000指数,609882.8129639653,满仓沪深300指数,708225.6919833478,满仓沪深300指数,727462.1111416711,空仓,557216.1971288908,5%多IF + 5%空IM
2561,2020-07-20,595184.5004328978,满仓中证1000指数,628080.3783131827,满仓沪深300指数,708225.6919833478,空仓,727462.1111416711,空仓,557216.1971288908,空仓
2562,2020-07-21,599869.005191785,满仓中证1000指数,629521.3666399443,满仓沪深300指数,709850.5555996917,满仓沪深300指数,733187.7302044571,满仓中证1000指数,557216.1971288908,空仓
2563,2020-07-22,605543.9052688488,满仓中证1000指数,632661.9533200561,满仓沪深300指数,716565.9066810305,满仓中证1000指数,740123.8563763853,满仓中证1000指数,559084.8427239166,7.5%多IM + 7.5%空IF
2564,2020-07-23,605042.7248884755,满仓中证1000指数,632138.3285991172,满仓中证1000指数,715972.838580521,满仓中证1000指数,739511.2904622799,满仓中证1000指数,558916.5437808486,7.5%多IM + 7.5%空IF
2565,2020-07-24,605042.7248884755,空仓,602391.2592554414,满仓中证1000指数,715972.838580521,空仓,739511.2904622799,空仓,558032.2289272858,5%多IM + 5%空IF
2566,2020-07-27,605042.7248884755,空仓,602559.4495579212,满仓中证1000指数,719605.3722390934,满仓沪深300指数,739511.2904622799,空仓,558032.2289272858,空仓
2567,2020-07-28,605042.7248884755,空仓,607856.2830316753,满仓沪深300指数,719605.3722390934,空仓,746012.0069648814,满仓沪深300指数,557548.8883838824,5%多IF + 5%空IM
2568,2020-07-29,605042.7248884755,空仓,622592.8264543298,满仓沪深300指数,740863.3934781251,满仓中证1000指数,746012.0069648814,空仓,557548.8883838824,空仓
2569,2020-07-30,605042.7248884755,空仓,619551.4011626019,满仓沪深300指数,740863.3934781251,空仓,744791.2814125705,满仓中证1000指数,557548.8883838824,空仓
2570,2020-07-31,612991.8778081789,满仓中证1000指数,627691.1715075237,满仓中证1000指数,740863.3934781251,空仓,744791.2814125705,空仓,559549.6130436363,7.5%多IM + 7.5%空IF
2571,2020-08-03,632883.8538953795,满仓中证1000指数,648060.1490189709,满仓中证1000指数,764904.8815311868,满仓中证1000指数,768960.2319258928,满仓中证1000指数,566351.0802530779,7.5%多IM + 7.5%空IF
2572,2020-08-04,628836.6146071055,满仓中证1000指数,643915.858593278,满仓中证1000指数,760013.3788182144,满仓中证1000指数,764042.7955864831,满仓中证1000指数,563234.8922164204,7.5%多IM + 7.5%空IF
2573,2020-08-05,637505.8380884035,满仓中证1000指数,652792.9664963932,满仓中证1000指数,760221.2930902594,满仓沪深300指数,764251.8121723525,满仓沪深300指数,563234.8922164204,空仓
2574,2020-08-06,637984.5175066846,满仓中证1000指数,653283.124450707,满仓中证1000指数,760792.1149786245,满仓中证1000指数,764825.660427559,满仓中证1000指数,564820.5373827923,7.5%多IM + 7.5%空IF
2575,2020-08-07,630005.8462517447,满仓中证1000指数,645113.1279329819,满仓中证1000指数,752032.4291639882,满仓沪深300指数,755260.7065071376,满仓中证1000指数,564400.2448793286,7.5%多IM + 7.5%空IF
2576,2020-08-10,631641.0452895167,满仓中证1000指数,647434.8453556409,满仓沪深300指数,754738.9417392152,满仓沪深300指数,755260.7065071376,空仓,564683.404687944,5%多IF + 5%空IM
2577,2020-08-11,619159.3301065635,满仓中证1000指数,634641.0324780367,满仓中证1000指数,747856.491193801,满仓沪深300指数,755260.7065071376,空仓,561678.783254973,5%多IM + 5%空IF
2578,2020-08-12,608765.6659092574,满仓中证1000指数,630013.2933383855,满仓沪深300指数,742403.1962159672,满仓沪深300指数,749753.4207293863,满仓沪深300指数,564345.3071258815,5%多IF + 5%空IM
2579,2020-08-13,610617.5101291663,满仓中证1000指数,628395.8463812509,满仓沪深300指数,740497.2081941532,满仓沪深300指数,749753.4207293863,空仓,562762.5195704752,5%多IF + 5%空IM
2580,2020-08-14,616628.3410076441,满仓中证1000指数,637737.8090017075,满仓沪深300指数,740497.2081941532,空仓,757133.885484829,满仓中证1000指数,561349.2794078303,5%多IM + 5%空IF
2581,2020-08-17,629995.7178319774,满仓中证1000指数,652729.8695407886,满仓沪深300指数,757904.9560453356,满仓沪深300指数,774932.7314794654,满仓沪深300指数,561862.9178678945,5%多IF + 5%空IM
2582,2020-08-18,629672.5968835489,满仓沪深300指数,652395.08838507,满仓沪深300指数,757516.2312313658,满仓沪深300指数,774535.2732236766,满仓沪深300指数,557596.3925284926,7.5%多IF + 7.5%空IM
2583,2020-08-19,616577.3710158691,满仓中证1000指数,642624.5267209435,满仓沪深300指数,741762.256553883,满仓中证1000指数,758427.3555605154,满仓中证1000指数,555162.3036785625,7.5%多IM + 7.5%空IF
2584,2020-08-20,616577.3710158691,空仓,634284.6166814903,满仓沪深300指数,732135.7480203742,满仓沪深300指数,748584.5692151046,满仓沪深300指数,555776.3451446686,7.5%多IF + 7.5%空IM
2585,2020-08-21,616577.3710158691,空仓,639664.6340337893,满仓沪深300指数,736539.3566887755,满仓中证1000指数,748584.5692151046,空仓,555776.3451446686,空仓
2586,2020-08-24,621412.6795243918,满仓沪深300指数,644680.9969315204,满仓沪深300指数,736539.3566887755,空仓,748584.5692151046,空仓,555662.5082598341,5%多IF + 5%空IM
2587,2020-08-25,622209.9318184954,满仓沪深300指数,641129.6983710706,满仓中证1000指数,736539.3566887755,空仓,748584.5692151046,空仓,555662.5082598341,空仓
2588,2020-08-26,614916.2675856685,满仓沪深300指数,625513.6011852077,满仓中证1000指数,736539.3566887755,空仓,739809.5172293978,满仓沪深300指数,559172.8966566311,5%多IF + 5%空IM
2589,2020-08-27,618210.9176562394,满仓沪深300指数,628865.0305405887,满仓沪深300指数,740485.6491702227,满仓沪深300指数,743773.3308518911,满仓沪深300指数,556901.557486601,7.5%多IF + 7.5%空IM
2590,2020-08-28,632965.3769415775,满仓沪深300指数,636907.5470290284,满仓中证1000指数,740485.6491702227,空仓,753285.402578786,满仓中证1000指数,553817.0342289284,5%多IM + 5%空IF
2591,2020-08-31,629300.297761628,满仓沪深300指数,633219.6413785678,满仓沪深300指数,736197.9920017711,满仓沪深300指数,748923.6305986322,满仓沪深300指数,550301.3460255495,7.5%多IF + 7.5%空IM
2592,2020-09-01,632685.3795735044,满仓沪深300指数,636625.8058100446,满仓沪深300指数,736197.9920017711,空仓,752535.6713449878,满仓中证1000指数,550454.3694004739,5%多IF + 5%空IM
2593,2020-09-02,632915.9602610953,满仓沪深300指数,637830.589975446,满仓中证1000指数,736197.9920017711,空仓,752535.6713449878,空仓,550454.3694004739,空仓
2594,2020-09-03,629415.2679815019,满仓沪深300指数,630571.9695075151,满仓中证1000指数,727819.9337882267,满仓中证1000指数,752535.6713449878,空仓,548844.5336719058,5%多IM + 5%空IF
2595,2020-09-04,623290.2912559112,满仓沪深300指数,629891.8068357768,满仓中证1000指数,720737.3598793192,满仓沪深300指数,752535.6713449878,空仓,546470.0749013857,5%多IF + 5%空IM
2596,2020-09-07,610112.7754750765,满仓沪深300指数,618936.7351421267,满仓中证1000指数,720737.3598793192,空仓,739447.5788469648,满仓中证1000指数,547494.6707767039,5%多IM + 5%空IF
2597,2020-09-08,610112.7754750765,空仓,622961.6075967937,满仓中证1000指数,724599.5688884088,满仓沪深300指数,744256.1190786056,满仓中证1000指数,547807.8898921622,5%多IM + 5%空IF
2598,2020-09-09,610112.7754750765,空仓,608390.6773311337,满仓沪深300指数,707651.349832775,满仓沪深300指数,744256.1190786056,空仓,550096.2972544066,5%多IF + 5%空IM
2599,2020-09-10,610112.7754750765,空仓,608044.1621166616,满仓沪深300指数,707248.2996737316,满仓沪深300指数,743832.2202939363,满仓沪深300指数,564481.0535277417,7.5%多IF + 7.5%空IM
2600,2020-09-11,610112.7754750765,空仓,614056.304596434,满仓沪深300指数,714241.3403295507,满仓沪深300指数,751186.990832124,满仓沪深300指数,561763.9718156637,7.5%多IF + 7.5%空IM
2601,2020-09-14,610112.7754750765,空仓,617210.4131553706,满仓沪深300指数,725502.481559478,满仓中证1000指数,763030.6385128107,满仓中证1000指数,564749.7651896073,5%多IM + 5%空IF
2602,2020-09-15,610112.7754750765,空仓,622177.7549356249,满仓沪深300指数,729022.5098557873,满仓中证1000指数,766732.747749905,满仓中证1000指数,563847.2375392722,5%多IM + 5%空IF
2603,2020-09-16,610112.7754750765,空仓,615968.7759244534,满仓中证1000指数,729022.5098557873,空仓,766732.747749905,空仓,562905.333075825,5%多IM + 5%空IF
2604,2020-09-17,610112.7754750765,空仓,617075.4998543347,满仓中证1000指数,725164.9204253952,满仓沪深300指数,766732.747749905,空仓,562905.333075825,空仓
2605,2020-09-18,610112.7754750765,空仓,626533.9304092571,满仓中证1000指数,736280.1276282878,满仓中证1000指数,778485.0996914245,满仓中证1000指数,559864.7798570541,7.5%多IM + 7.5%空IF
2606,2020-09-21,610112.7754750765,空仓,620494.7960390594,满仓沪深300指数,729183.1542497686,满仓沪深300指数,770981.3143510803,满仓沪深300指数,555973.568535017,7.5%多IF + 7.5%空IM
2607,2020-09-22,602873.3314971961,满仓沪深300指数,613132.1616293911,满仓沪深300指数,729183.1542497686,空仓,758581.309520906,满仓中证1000指数,557146.0216921031,5%多IF + 5%空IM
2608,2020-09-23,602873.3314971961,空仓,615323.2699272208,满仓沪深300指数,729183.1542497686,空仓,758581.309520906,空仓,556212.8604349878,5%多IF + 5%空IM
2609,2020-09-24,591306.3383136404,满仓沪深300指数,603517.406743232,满仓沪深300指数,729183.1542497686,空仓,758581.309520906,空仓,558487.7209625855,5%多IF + 5%空IM
2610,2020-09-25,587695.4034237483,满仓中证1000指数,604437.4037377011,满仓沪深300指数,730294.7150810416,满仓沪深300指数,759737.6846594221,满仓沪深300指数,560618.6586131311,5%多IF + 5%空IM
2611,2020-09-28,587695.4034237483,空仓,606009.5816404248,满仓沪深300指数,730294.7150810416,空仓,761713.8078978283,满仓沪深300指数,564897.6734888277,5%多IF + 5%空IM
2612,2020-09-29,587695.4034237483,空仓,607317.7525849316,满仓沪深300指数,731871.1758436089,满仓沪深300指数,763358.0919185929,满仓沪深300指数,561241.8213829388,7.5%多IF + 7.5%空IM
2613,2020-09-30,587695.4034237483,空仓,606735.2734285835,满仓沪深300指数,731443.0647587396,满仓中证1000指数,762911.562431353,满仓中证1000指数,561346.8148542083,5%多IM + 5%空IF
2614,2020-10-09,587695.4034237483,空仓,619134.2363584423,满仓沪深300指数,731443.0647587396,空仓,762911.562431353,空仓,558378.5096692172,5%多IF + 5%空IM
2615,2020-10-12,605524.9239325229,满仓沪深300指数,638546.7687872607,满仓中证1000指数,754376.9640339251,满仓中证1000指数,786832.1350249918,满仓中证1000指数,558804.1153682546,7.5%多IM + 7.5%空IF
2616,2020-10-13,607539.0727251737,满仓沪深300指数,640143.5996040179,满仓中证1000指数,754376.9640339251,空仓,786832.1350249918,空仓,558804.1153682546,空仓
2617,2020-10-14,603509.2058232827,满仓沪深300指数,634221.0287198749,满仓中证1000指数,754376.9640339251,空仓,786832.1350249918,空仓,558804.1153682546,空仓
2618,2020-10-15,602458.8936162844,满仓沪深300指数,628616.0035404409,满仓中证1000指数,747710.0424297492,满仓中证1000指数,786832.1350249918,空仓,556821.1120601079,5%多IM + 5%空IF
2619,2020-10-16,601572.5310520208,满仓沪深300指数,626759.4352021933,满仓中证1000指数,746609.9803382835,满仓沪深300指数,785674.51488487,满仓沪深300指数,557233.7667414212,5%多IF + 5%空IM
2620,2020-10-19,597029.2841983179,满仓沪深300指数,622025.9696846916,满仓沪深300指数,740971.3694160342,满仓沪深300指数,785674.51488487,空仓,556984.0598847797,7.5%多IF + 7.5%空IM
2621,2020-10-20,601797.4078420249,满仓沪深300指数,626993.7272328594,满仓沪深300指数,746889.0742913766,满仓沪深300指数,785674.51488487,空仓,556359.4512220697,7.5%多IF + 7.5%空IM
2622,2020-10-21,592384.4557467788,满仓中证1000指数,626910.1710977603,满仓沪深300指数,746889.0742913766,空仓,785674.51488487,空仓,556359.4512220697,空仓
2623,2020-10-22,590549.777997277,满仓沪深300指数,624968.5635307634,满仓沪深300指数,744575.8792832111,满仓沪深300指数,783241.1972364644,满仓沪深300指数,557717.3762527951,7.5%多IF + 7.5%空IM
2624,2020-10-23,583196.1363494991,满仓沪深300指数,617186.3324156872,满仓沪深300指数,735304.2744163084,满仓沪深300指数,783241.1972364644,空仓,560568.2785507774,7.5%多IF + 7.5%空IM
2625,2020-10-26,579827.8163685662,满仓沪深300指数,613621.6979370585,满仓沪深300指数,731057.4354453152,满仓沪深300指数,778717.4927567757,满仓沪深300指数,557684.7825138689,7.5%多IF + 7.5%空IM
2626,2020-10-27,579827.8163685662,空仓,614673.7753657416,满仓沪深300指数,734797.8294906328,满仓中证1000指数,782701.7354874687,满仓中证1000指数,558633.3704746428,5%多IM + 5%空IF
2627,2020-10-28,579827.8163685662,空仓,619643.2725767096,满仓沪深300指数,734797.8294906328,空仓,783040.394831187,满仓中证1000指数,558633.3704746428,空仓
2628,2020-10-29,579827.8163685662,空仓,618652.713325088,满仓中证1000指数,734797.8294906328,空仓,788932.7787123359,满仓沪深300指数,558633.3704746428,空仓
2629,2020-10-30,579827.8163685662,空仓,603490.8439562661,满仓中证1000指数,734797.8294906328,空仓,776108.3146245097,满仓沪深300指数,558633.3704746428,空仓
2630,2020-11-02,579827.8163685662,空仓,603734.5979236702,满仓中证1000指数,738788.0692596214,满仓沪深300指数,780322.8864941683,满仓沪深300指数,560037.351515225,5%多IF + 5%空IM
2631,2020-11-03,579827.8163685662,空仓,616134.7503203041,满仓中证1000指数,747665.971288246,满仓沪深300指数,780322.8864941683,空仓,560037.351515225,空仓
2632,2020-11-04,579827.8163685662,空仓,614754.4016052358,满仓中证1000指数,747665.971288246,空仓,778574.7012260096,满仓中证1000指数,555922.9369085026,7.5%多IM + 7.5%空IF
2633,2020-11-05,588434.9592775913,满仓沪深300指数,626086.8246855076,满仓中证1000指数,758764.5555255401,满仓沪深300指数,790132.1041818968,满仓沪深300指数,554925.1226669231,5%多IF + 5%空IM
2634,2020-11-06,588507.9548608904,满仓沪深300指数,619942.9530599251,满仓中证1000指数,751318.700031723,满仓中证1000指数,782378.4348441282,满仓中证1000指数,550789.3292351267,7.5%多IM + 7.5%空IF
2635,2020-11-09,600027.2722247506,满仓沪深300指数,632077.5717423081,满仓沪深300指数,766024.8369251725,满仓沪深300指数,797692.5277381487,满仓沪深300指数,548788.3792327893,7.5%多IF + 7.5%空IM
2636,2020-11-10,596717.8861602007,满仓沪深300指数,628591.4156882962,满仓沪深300指数,766024.8369251725,空仓,789253.0903183846,满仓中证1000指数,550178.0266021149,5%多IF + 5%空IM
2637,2020-11-11,590818.3132542095,满仓沪深300指数,617858.2083367564,满仓中证1000指数,758451.3763702683,满仓沪深300指数,781449.9789057628,满仓沪深300指数,552155.4518584582,5%多IF + 5%空IM
2638,2020-11-12,591247.7224207158,满仓沪深300指数,618307.2702096013,满仓沪深300指数,759002.6219326628,满仓沪深300指数,782017.9399465438,满仓沪深300指数,551667.7469110017,7.5%多IF + 7.5%空IM
2639,2020-11-13,585030.8475914137,满仓沪深300指数,619230.5420746744,满仓中证1000指数,760135.9836123816,满仓中证1000指数,782017.9399465438,空仓,554979.9778151757,5%多IM + 5%空IF
2640,2020-11-16,590730.8028725809,满仓沪深300指数,624918.6094945086,满仓中证1000指数,767118.36647183,满仓中证1000指数,789201.3239428056,满仓中证1000指数,554748.0112097341,7.5%多IM + 7.5%空IF
2641,2020-11-17,589600.2626966538,满仓沪深300指数,618798.2451722556,满仓中证1000指数,759605.3178767546,满仓中证1000指数,789201.3239428056,空仓,552562.2876653434,5%多IM + 5%空IF
2642,2020-11-18,589225.11839859,满仓沪深300指数,618835.419057007,满仓中证1000指数,759122.0046528474,满仓沪深300指数,788699.179701303,满仓沪深300指数,552369.9011694628,5%多IF + 5%空IM
2643,2020-11-19,593599.7340693232,满仓沪深300指数,622200.2761178578,满仓中证1000指数,764757.9948947065,满仓沪深300指数,788699.179701303,空仓,552918.6672668961,5%多IF + 5%空IM
2644,2020-11-20,595442.583456206,满仓沪深300指数,624131.9168035799,满仓沪深300指数,764757.9948947065,空仓,788699.179701303,空仓,551818.1464723633,5%多IF + 5%空IM
2645,2020-11-23,602879.3518008599,满仓沪深300指数,631927.0000084653,满仓沪深300指数,769466.4251242809,满仓中证1000指数,793555.0100221843,满仓中证1000指数,551818.1464723633,空仓
2646,2020-11-24,599176.3557238572,满仓沪深300指数,628045.5879232883,满仓沪深300指数,764740.2205443607,满仓沪深300指数,788680.8489147914,满仓沪深300指数,549259.1038695332,7.5%多IF + 7.5%空IM
2647,2020-11-25,588956.2496550888,满仓中证1000指数,617333.0615305476,满仓中证1000指数,751696.1040762223,满仓中证1000指数,775228.3789477851,满仓中证1000指数,547498.4192198147,7.5%多IM + 7.5%空IF
2648,2020-11-26,584671.0721465389,满仓中证1000指数,612841.4176230347,满仓中证1000指数,753057.107680711,满仓沪深300指数,775228.3789477851,空仓,545011.0076572939,5%多IM + 5%空IF
2649,2020-11-27,591941.3004600779,满仓沪深300指数,620461.9366436776,满仓沪深300指数,762421.1712829546,满仓沪深300指数,784868.1363747997,满仓沪深300指数,550180.6389724002,7.5%多IF + 7.5%空IM
2650,2020-11-30,589503.4116838623,满仓沪深300指数,617906.5866617842,满仓沪深300指数,759281.1673420651,满仓沪深300指数,781635.6854223316,满仓沪深300指数,549687.3666348216,7.5%多IF + 7.5%空IM
2651,2020-12-01,602201.6210885376,满仓沪深300指数,631216.6151950326,满仓沪深300指数,759281.1673420651,空仓,781635.6854223316,空仓,551836.2750677114,5%多IF + 5%空IM
2652,2020-12-02,602207.1355178152,满仓沪深300指数,631222.3953179375,满仓沪深300指数,759288.1201667546,满仓沪深300指数,781642.8429499057,满仓沪深300指数,550454.0462208556,7.5%多IF + 7.5%空IM
2653,2020-12-03,601008.6503754006,满仓沪深300指数,629966.1653303975,满仓沪深300指数,756597.4582042075,满仓中证1000指数,778872.9633614292,满仓中证1000指数,550454.0462208556,空仓
2654,2020-12-04,602061.1457565065,满仓沪深300指数,633231.1972051576,满仓中证1000指数,756597.4582042075,空仓,778872.9633614292,空仓,550454.0462208556,空仓
2655,2020-12-07,596869.8335115688,满仓沪深300指数,631952.1350986772,满仓中证1000指数,755069.2088966565,满仓中证1000指数,777299.7198168996,满仓中证1000指数,553179.8956100526,7.5%多IM + 7.5%空IF
2656,2020-12-08,595401.3196027346,满仓沪深300指数,632080.721786322,满仓中证1000指数,755222.8468751077,满仓中证1000指数,777457.8811565441,满仓中证1000指数,554285.080209845,7.5%多IM + 7.5%空IF
2657,2020-12-09,587417.2816959255,满仓沪深300指数,619704.9194986811,满仓中证1000指数,740435.9876751918,满仓中证1000指数,777457.8811565441,空仓,552575.1222939682,5%多IM + 5%空IF
2658,2020-12-10,587158.9473226295,满仓沪深300指数,619955.982659835,满仓中证1000指数,740110.3587350802,满仓沪深300指数,777457.8811565441,空仓,552341.6832307063,5%多IF + 5%空IM
2659,2020-12-11,581110.2245168304,满仓沪深300指数,609917.548461549,满仓中证1000指数,728126.3641557288,满仓中证1000指数,777457.8811565441,空仓,550714.9006000484,5%多IM + 5%空IF
2660,2020-12-14,581110.2245168304,空仓,617292.6989396936,满仓中证1000指数,728126.3641557288,空仓,777457.8811565441,空仓,551498.7780642346,5%多IM + 5%空IF
2661,2020-12-15,581110.2245168304,空仓,618576.7106319334,满仓沪深300指数,730305.921969197,满仓中证1000指数,779785.1068730335,满仓中证1000指数,551750.6224771155,5%多IM + 5%空IF
2662,2020-12-16,581110.2245168304,空仓,619673.3642935602,满仓沪深300指数,730305.921969197,空仓,779785.1068730335,空仓,554462.1293279596,5%多IF + 5%空IM
2663,2020-12-17,581110.2245168304,空仓,627630.439088952,满仓沪深300指数,739683.6025013452,满仓沪深300指数,789798.1375715451,满仓沪深300指数,556338.4846090481,7.5%多IF + 7.5%空IM
2664,2020-12-18,581110.2245168304,空仓,625440.0588440244,满仓沪深300指数,736941.8493754114,满仓中证1000指数,789798.1375715451,空仓,556338.4846090481,空仓
2665,2020-12-21,581110.2245168304,空仓,636684.9956780368,满仓中证1000指数,750191.503645851,满仓中证1000指数,789798.1375715451,空仓,559928.878783738,7.5%多IM + 7.5%空IF
2666,2020-12-22,571660.7633759611,满仓沪深300指数,623210.3634960982,满仓中证1000指数,734314.649870024,满仓中证1000指数,773083.0595125383,满仓中证1000指数,557870.0119032653,7.5%多IM + 7.5%空IF
2667,2020-12-23,571660.7633759611,空仓,628088.8865274757,满仓中证1000指数,734314.649870024,空仓,773083.0595125383,空仓,557674.1415761836,5%多IM + 5%空IF
2668,2020-12-24,570849.2351857432,满仓沪深300指数,618106.3419209435,满仓中证1000指数,734314.649870024,空仓,773083.0595125383,空仓,557674.1415761836,空仓
2669,2020-12-25,575644.1599041953,满仓沪深300指数,623298.2090459726,满仓沪深300指数,740482.6242645901,满仓沪深300指数,779576.6743638698,满仓沪深300指数,557005.6976217747,7.5%多IF + 7.5%空IM
2670,2020-12-28,578201.6707705411,满仓沪深300指数,626067.4405498137,满仓沪深300指数,735764.826907335,满仓中证1000指数,779576.6743638698,空仓,560017.4592552423,5%多IF + 5%空IM
2671,2020-12-29,575749.4698467478,满仓沪深300指数,623412.236952724,满仓沪深300指数,732644.3876567316,满仓沪深300指数,776270.4254585437,满仓沪深300指数,560955.4841096024,7.5%多IF + 7.5%空IM
2672,2020-12-30,583829.747381639,满仓沪深300指数,632161.431102336,满仓沪深300指数,742926.5855512822,满仓沪深300指数,776270.4254585437,空仓,563637.2215172286,7.5%多IF + 7.5%空IM
2673,2020-12-31,594970.1784033021,满仓沪深300指数,644224.110075677,满仓沪深300指数,742926.5855512822,空仓,776270.4254585437,空仓,563850.8915736725,5%多IF + 5%空IM
2674,2021-01-04,505414.16964345763,满仓沪深300指数,505414.16964345763,满仓沪深300指数,500000.0,空仓,500000.0,空仓,496978.8253168952,5%多IF + 5%空IM
2675,2021-01-05,515084.21573666466,满仓沪深300指数,506059.6339296981,满仓中证1000指数,500638.5498517937,满仓中证1000指数,500638.5498517937,满仓中证1000指数,490323.3539211787,7.5%多IM + 7.5%空IF
2676,2021-01-06,519801.16817558644,满仓沪深300指数,499926.8868953018,满仓中证1000指数,500638.5498517937,空仓,505223.2141777318,满仓沪深300指数,495539.47716998076,5%多IF + 5%空IM
2677,2021-01-07,529010.896249555,满仓沪深300指数,491868.6897208008,满仓中证1000指数,509508.75867349363,满仓沪深300指数,514174.6531203652,满仓沪深300指数,503923.148234757,5%多IF + 5%空IM
2678,2021-01-08,527262.173260989,满仓沪深300指数,490242.74573520676,满仓沪深300指数,507824.50285667623,满仓沪深300指数,512474.97350615665,满仓沪深300指数,504455.61160097586,7.5%多IF + 7.5%空IM
2679,2021-01-11,522054.9869768292,满仓沪深300指数,485401.1594599903,满仓沪深300指数,502809.2809800888,满仓沪深300指数,512474.97350615665,空仓,507004.615865474,7.5%多IF + 7.5%空IM
2680,2021-01-12,536945.1815995218,满仓沪深300指数,499245.9036243837,满仓沪深300指数,517150.54433099704,满仓沪深300指数,527091.9243736418,满仓沪深300指数,512637.3121199822,7.5%多IF + 7.5%空IM
2681,2021-01-13,535181.5678598487,满仓沪深300指数,497606.11437721225,满仓沪深300指数,517150.54433099704,空仓,525360.6739746218,满仓沪深300指数,514367.00071217056,7.5%多IF + 7.5%空IM
2682,2021-01-14,524866.0000305106,满仓沪深300指数,488014.80941938574,满仓沪深300指数,507182.52256343386,满仓沪深300指数,515234.4028309355,满仓沪深300指数,507334.73476850754,7.5%多IF + 7.5%空IM
2683,2021-01-15,523678.66411541007,满仓沪深300指数,486910.8371478138,满仓沪深300指数,508868.82657411427,满仓中证1000指数,516947.4781071555,满仓中证1000指数,507334.73476850754,空仓
2684,2021-01-18,529477.5466758363,满仓沪深300指数,492302.5763105854,满仓沪深300指数,514503.7144665774,满仓沪深300指数,516947.4781071555,空仓,504342.2832487715,7.5%多IF + 7.5%空IM
2685,2021-01-19,521706.2344562193,满仓沪深300指数,489488.4253867526,满仓中证1000指数,511562.65509972954,满仓中证1000指数,513992.4494457362,满仓中证1000指数,507731.84849856957,7.5%多IM + 7.5%空IF
2686,2021-01-20,525439.4954338068,满仓沪深300指数,493734.791996374,满仓中证1000指数,515223.32996182976,满仓沪深300指数,518451.39119333605,满仓中证1000指数,507731.84849856957,空仓
2687,2021-01-21,533934.102861509,满仓沪深300指数,499186.15758488956,满仓中证1000指数,520911.952228042,满仓中证1000指数,518451.39119333605,空仓,506430.6357435062,5%多IM + 5%空IF
2688,2021-01-22,532098.2698386979,满仓中证1000指数,497469.79890370934,满仓中证1000指数,519120.89344615844,满仓中证1000指数,518899.19964792154,满仓沪深300指数,504796.6159266907,7.5%多IM + 7.5%空IF
2689,2021-01-25,526981.1023803804,满仓中证1000指数,492685.65204448823,满仓中证1000指数,514128.5288897379,满仓中证1000指数,518899.19964792154,空仓,497339.13485295523,7.5%多IM + 7.5%空IF
2690,2021-01-26,516400.55246960017,满仓沪深300指数,483569.8231500356,满仓中证1000指数,514128.5288897379,空仓,508480.9154708623,满仓沪深300指数,496947.3952084402,5%多IF + 5%空IM
2691,2021-01-27,516400.55246960017,空仓,483840.43024037505,满仓中证1000指数,515530.71935944725,满仓沪深300指数,508480.9154708623,空仓,496947.3952084402,空仓
2692,2021-01-28,505450.7344591133,满仓中证1000指数,473581.02088863996,满仓中证1000指数,501461.74733347684,满仓沪深300指数,508480.9154708623,空仓,498459.64377489104,5%多IM + 5%空IF
2693,2021-01-29,505450.7344591133,空仓,471363.51040634676,满仓沪深300指数,499113.68727166427,满仓沪深300指数,500931.4541171256,满仓中证1000指数,500992.9796364704,5%多IF + 5%空IM
2694,2021-02-01,505450.7344591133,空仓,477148.4788915322,满仓沪深300指数,499113.68727166427,空仓,507079.3052157555,满仓沪深300指数,502410.47260847804,5%多IF + 5%空IM
2695,2021-02-02,505450.7344591133,空仓,484497.56198060716,满仓沪深300指数,506801.0804436498,满仓沪深300指数,514889.38554009853,满仓沪深300指数,503959.7939106392,7.5%多IF + 7.5%空IM
2696,2021-02-03,503990.6667641714,满仓沪深300指数,483098.0205608425,满仓沪深300指数,498108.5617241231,满仓中证1000指数,513402.0529336872,满仓沪深300指数,507553.80632251845,5%多IF + 5%空IM
2697,2021-02-04,502956.69218838244,满仓沪深300指数,472402.37753811845,满仓中证1000指数,497086.65472709027,满仓沪深300指数,512348.7701947439,满仓沪深300指数,512651.70734598074,5%多IF + 5%空IM
2698,2021-02-05,502956.69218838244,空仓,473219.33771301317,满仓沪深300指数,497946.30323796364,满仓沪深300指数,513234.8126043666,满仓沪深300指数,520949.9705390441,7.5%多IF + 7.5%空IM
2699,2021-02-08,502956.69218838244,空仓,480222.4033529354,满仓沪深300指数,505315.29763194773,满仓沪深300指数,520830.05818061845,满仓沪深300指数,523919.1928919379,7.5%多IF + 7.5%空IM
2700,2021-02-09,502956.69218838244,空仓,490724.1280185098,满仓沪深300指数,505315.29763194773,空仓,532219.8097423508,满仓沪深300指数,522540.7509683917,5%多IF + 5%空IM
2701,2021-02-10,513700.78434031794,满仓沪深300指数,501206.9098056826,满仓沪深300指数,509298.2640839703,满仓中证1000指数,536414.8413537818,满仓中证1000指数,522540.7509683917,空仓
2702,2021-02-18,510221.3103857074,满仓沪深300指数,497812.06120567664,满仓沪深300指数,509298.2640839703,空仓,532781.5171965023,满仓沪深300指数,513588.6662588427,7.5%多IF + 7.5%空IM
2703,2021-02-19,511146.56491888035,满仓沪深300指数,507376.53352392686,满仓中证1000指数,519083.4210300802,满仓中证1000指数,543017.8583180082,满仓中证1000指数,520290.83688322763,7.5%多IM + 7.5%空IF
2704,2021-02-22,495091.8163730938,满仓沪深300指数,507914.98182965757,满仓中证1000指数,519634.2931538761,满仓中证1000指数,543594.1306256022,满仓中证1000指数,532961.4246926791,7.5%多IM + 7.5%空IF
2705,2021-02-23,493529.3580794311,满仓沪深300指数,504447.37909348257,满仓中证1000指数,516086.6811297933,满仓中证1000指数,539882.9416231912,满仓中证1000指数,531493.9542377219,7.5%多IM + 7.5%空IF
2706,2021-02-24,480960.4342975281,满仓沪深300指数,500395.8575635363,满仓中证1000指数,502943.2803294469,满仓沪深300指数,539882.9416231912,空仓,526860.4364761801,5%多IF + 5%空IM
2707,2021-02-25,478084.9007798551,满仓中证1000指数,497404.124859722,满仓中证1000指数,505902.17756887415,满仓沪深300指数,536655.1262280957,满仓中证1000指数,522173.26415703737,7.5%多IM + 7.5%空IF
2708,2021-02-26,472560.81278414256,满仓中证1000指数,485327.45990061696,满仓沪深300指数,493619.1851383148,满仓沪深300指数,523625.47119684576,满仓沪深300指数,518850.99805276404,5%多IF + 5%空IM
2709,2021-03-01,485242.70444300224,满仓中证1000指数,492786.65058272827,满仓沪深300指数,493619.1851383148,空仓,537677.7610099053,满仓中证1000指数,521825.8641833654,5%多IM + 5%空IF
2710,2021-03-02,483111.6624741604,满仓中证1000指数,490622.4778410026,满仓中证1000指数,491451.3561518641,满仓中证1000指数,535316.4398320006,满仓中证1000指数,525101.6759074505,7.5%多IM + 7.5%空IF
2711,2021-03-03,489608.62557612604,满仓中证1000指数,497220.4475923506,满仓中证1000指数,498060.4727916439,满仓中证1000指数,542515.4611507007,满仓中证1000指数,522846.0573533278,7.5%多IM + 7.5%空IF
2712,2021-03-04,480740.58990942687,满仓中证1000指数,488214.5428081517,满仓中证1000指数,482393.3086653493,满仓沪深300指数,525449.9053894506,满仓沪深300指数,522846.0573533278,空仓
2713,2021-03-05,482338.2363647176,满仓中证1000指数,489837.02747058845,满仓中证1000指数,480757.22733732,满仓沪深300指数,527196.1344293918,满仓中证1000指数,525479.1995148142,7.5%多IM + 7.5%空IF
2714,2021-03-08,482338.2363647176,空仓,472825.51786285633,满仓沪深300指数,480757.22733732,空仓,516692.6954853682,满仓中证1000指数,525479.1995148142,空仓
2715,2021-03-09,482338.2363647176,空仓,462677.9495518482,满仓沪深300指数,470439.43224989134,满仓沪深300指数,500249.8681849289,满仓中证1000指数,528201.62165114,5%多IF + 5%空IM
2716,2021-03-10,482338.2363647176,空仓,465713.39090904285,满仓沪深300指数,473525.7935301071,满仓沪深300指数,503531.8035792793,满仓沪深300指数,533906.9989717118,7.5%多IF + 7.5%空IM
2717,2021-03-11,482338.2363647176,空仓,477310.9163255585,满仓沪深300指数,473525.7935301071,空仓,516071.1099510284,满仓沪深300指数,534343.802801998,5%多IF + 5%空IM
2718,2021-03-12,482338.2363647176,空仓,479001.4455172759,满仓沪深300指数,473525.7935301071,空仓,516071.1099510284,空仓,535255.0829314052,5%多IF + 5%空IM
2719,2021-03-15,482338.2363647176,空仓,468685.4758151664,满仓沪深300指数,463327.74969341536,满仓沪深300指数,516071.1099510284,空仓,531330.1645394786,5%多IF + 5%空IM
2720,2021-03-16,482338.2363647176,空仓,472763.88330739987,满仓沪深300指数,467359.5353219815,满仓沪深300指数,520726.20514230727,满仓中证1000指数,531245.5611667752,5%多IF + 5%空IM
2721,2021-03-17,482338.2363647176,空仓,474764.6050134178,满仓沪深300指数,467359.5353219815,空仓,520726.20514230727,空仓,530489.6776813031,5%多IF + 5%空IM
2722,2021-03-18,482338.2363647176,空仓,476375.8190989233,满仓中证1000指数,468945.61873754027,满仓中证1000指数,520726.20514230727,空仓,528648.9417408464,7.5%多IM + 7.5%空IF
2723,2021-03-19,482338.2363647176,空仓,472740.27733954444,满仓中证1000指数,468945.61873754027,空仓,520726.20514230727,空仓,533555.1082828363,5%多IM + 5%空IF
2724,2021-03-22,482338.2363647176,空仓,480967.57088585943,满仓中证1000指数,477106.8722789663,满仓中证1000指数,529788.6175330487,满仓中证1000指数,536518.4720641926,7.5%多IM + 7.5%空IF
2725,2021-03-23,476983.71782924223,满仓中证1000指数,475628.26834024175,满仓中证1000指数,477106.8722789663,空仓,523907.34427168616,满仓中证1000指数,535863.2908487176,7.5%多IM + 7.5%空IF
2726,2021-03-24,469950.3746831286,满仓中证1000指数,468614.9119169805,满仓中证1000指数,469433.85788474046,满仓沪深300指数,523907.34427168616,空仓,536221.4949000184,5%多IM + 5%空IF
2727,2021-03-25,469529.06063527294,满仓中证1000指数,468392.57897354284,满仓沪深300指数,469433.85788474046,空仓,523907.34427168616,空仓,536221.4949000184,空仓
2728,2021-03-26,469529.06063527294,空仓,479007.4937888887,满仓沪深300指数,477822.74530794384,满仓中证1000指数,523907.34427168616,空仓,536221.4949000184,空仓
2729,2021-03-29,471411.83647586236,满仓中证1000指数,480928.2774258947,满仓中证1000指数,479738.77819360315,满仓中证1000指数,524831.5569485477,满仓沪深300指数,537124.6986379499,7.5%多IM + 7.5%空IF
2730,2021-03-30,469547.19699166185,满仓中证1000指数,479025.99626583565,满仓中证1000指数,477841.2020219711,满仓中证1000指数,522755.61916353874,满仓中证1000指数,531711.7292121236,7.5%多IM + 7.5%空IF
2731,2021-03-31,468936.74541667494,满仓中证1000指数,478403.2214398891,满仓中证1000指数,477841.2020219711,空仓,517997.8899151627,满仓沪深300指数,533785.7143359927,5%多IM + 5%空IF
2732,2021-04-01,472096.0107748066,满仓中证1000指数,481626.26322427875,满仓中证1000指数,477841.2020219711,空仓,521487.684232177,满仓中证1000指数,531533.1833017597,7.5%多IM + 7.5%空IF
2733,2021-04-02,473993.1153801191,满仓中证1000指数,483561.6648823073,满仓中证1000指数,477841.2020219711,空仓,526669.1268563351,满仓沪深300指数,529960.5321283592,5%多IM + 5%空IF
2734,2021-04-06,472044.90255656186,满仓沪深300指数,481574.123278989,满仓沪深300指数,477841.2020219711,空仓,524504.4043879709,满仓沪深300指数,524563.1586983387,7.5%多IF + 7.5%空IM
2735,2021-04-07,468683.96430364886,满仓沪深300指数,481669.73335635755,满仓中证1000指数,477936.070977936,满仓中证1000指数,524608.5376963435,满仓中证1000指数,527442.4168156396,7.5%多IM + 7.5%空IF
2736,2021-04-08,467324.24876071356,满仓中证1000指数,480272.3443418236,满仓中证1000指数,476549.51382272446,满仓中证1000指数,523086.57740542106,满仓中证1000指数,525638.6117523545,7.5%多IM + 7.5%空IF
2737,2021-04-09,460297.1928241983,满仓沪深300指数,479926.8761620406,满仓中证1000指数,476549.51382272446,空仓,523086.57740542106,空仓,525638.6117523545,空仓
2738,2021-04-12,450506.3211547478,满仓中证1000指数,469718.4661858853,满仓中证1000指数,466412.94291437365,满仓中证1000指数,511960.127730668,满仓中证1000指数,524110.8158404584,7.5%多IM + 7.5%空IF
2739,2021-04-13,450506.3211547478,空仓,467299.1765060026,满仓中证1000指数,465649.17606353626,满仓沪深300指数,511960.127730668,空仓,524110.8158404584,空仓
2740,2021-04-14,450506.3211547478,空仓,473968.2437569279,满仓中证1000指数,465649.17606353626,空仓,511960.127730668,空仓,525676.476441216,5%多IM + 5%空IF
2741,2021-04-15,448834.13360479503,满仓中证1000指数,470955.9938367455,满仓沪深300指数,463920.78132567025,满仓中证1000指数,510059.8361887666,满仓中证1000指数,526718.7302426561,7.5%多IM + 7.5%空IF
2742,2021-04-16,453983.36610426084,满仓中证1000指数,472593.4523528344,满仓沪深300指数,469243.0948163887,满仓中证1000指数,510059.8361887666,空仓,528824.4410352422,5%多IM + 5%空IF
2743,2021-04-19,461720.4447718387,满仓中证1000指数,480647.69616800616,满仓中证1000指数,469243.0948163887,空仓,518752.6063922856,满仓中证1000指数,525933.4876267046,7.5%多IM + 7.5%空IF
2744,2021-04-20,460312.0144631914,满仓中证1000指数,479181.530242867,满仓中证1000指数,469243.0948163887,空仓,518380.28252795397,满仓沪深300指数,525320.0737561784,5%多IM + 5%空IF
2745,2021-04-21,460318.0948082223,满仓中证1000指数,480631.27303420164,满仓沪深300指数,469243.0948163887,空仓,518380.28252795397,空仓,525320.0737561784,空仓
2746,2021-04-22,462278.0972366191,满仓中证1000指数,479735.62713169586,满仓沪深300指数,469243.0948163887,空仓,518380.28252795397,空仓,525320.0737561784,空仓
2747,2021-04-23,460003.5848627901,满仓中证1000指数,477375.21977819945,满仓中证1000指数,466934.31308549177,满仓中证1000指数,515829.7347645905,满仓中证1000指数,519804.1575941187,7.5%多IM + 7.5%空IF
2748,2021-04-26,454788.9214998455,满仓沪深300指数,475731.9882824519,满仓中证1000指数,466934.31308549177,空仓,509982.21855404467,满仓沪深300指数,517752.512849276,5%多IF + 5%空IM
2749,2021-04-27,452654.37784926867,满仓中证1000指数,473499.14872335334,满仓中证1000指数,464742.7652572243,满仓中证1000指数,507588.62615313125,满仓中证1000指数,514914.116887649,7.5%多IM + 7.5%空IF
2750,2021-04-28,455208.42181928264,满仓沪深300指数,476187.5114608356,满仓中证1000指数,464742.7652572243,空仓,510452.62953697954,满仓沪深300指数,514905.0339194269,5%多IF + 5%空IM
2751,2021-04-29,459203.3870677355,满仓沪深300指数,473809.7054728119,满仓中证1000指数,464742.7652572243,空仓,510452.62953697954,空仓,514905.0339194269,空仓
2752,2021-04-30,455586.0606589507,满仓沪深300指数,470077.31932625116,满仓沪深300指数,461081.80297906784,满仓沪深300指数,506431.5926081178,满仓沪深300指数,513247.6497104196,7.5%多IF + 7.5%空IM
2753,2021-05-06,450040.53446799546,满仓沪深300指数,464355.40131513536,满仓沪深300指数,462259.47985704266,满仓中证1000指数,506431.5926081178,空仓,509468.4913801121,5%多IF + 5%空IM
2754,2021-05-07,450040.53446799546,空仓,458681.29799826565,满仓中证1000指数,456610.987257446,满仓中证1000指数,500243.34720115806,满仓中证1000指数,509712.2151897596,7.5%多IM + 7.5%空IF
2755,2021-05-10,450040.53446799546,空仓,460010.8834944579,满仓中证1000指数,456279.161792227,满仓沪深300指数,500243.34720115806,空仓,509712.2151897596,空仓
2756,2021-05-11,450040.53446799546,空仓,460394.7379318922,满仓中证1000指数,456659.90230782586,满仓中证1000指数,500243.34720115806,空仓,507685.20904250967,7.5%多IM + 7.5%空IF
2757,2021-05-12,450040.53446799546,空仓,465944.7409901193,满仓中证1000指数,456659.90230782586,空仓,502383.3834063168,满仓沪深300指数,507685.20904250967,空仓
2758,2021-05-13,450040.53446799546,空仓,462655.5470940338,满仓中证1000指数,453436.25188081147,满仓中证1000指数,498836.96209746494,满仓中证1000指数,508890.1657455385,7.5%多IM + 7.5%空IF
2759,2021-05-14,450040.53446799546,空仓,473554.02880120324,满仓沪深300指数,453436.25188081147,空仓,505680.7232828011,满仓中证1000指数,508890.1657455385,空仓
2760,2021-05-17,449678.43941059307,满仓中证1000指数,480447.58629537036,满仓沪深300指数,453436.25188081147,空仓,513041.9512053396,满仓沪深300指数,512798.8619817977,5%多IF + 5%空IM
2761,2021-05-18,449905.3173532361,满仓沪深300指数,480689.9883106179,满仓沪深300指数,453436.25188081147,空仓,513300.7981772594,满仓沪深300指数,511233.2057803887,7.5%多IF + 7.5%空IM
2762,2021-05-19,450052.8670541393,满仓中证1000指数,479269.5551254751,满仓沪深300指数,453436.25188081147,空仓,513469.1388843442,满仓中证1000指数,512072.381107325,5%多IM + 5%空IF
2763,2021-05-20,449628.88187194924,满仓中证1000指数,480579.7862017747,满仓沪深300指数,453009.07928412594,满仓中证1000指数,513469.1388843442,空仓,511131.22103051847,5%多IM + 5%空IF
2764,2021-05-21,445097.9520126378,满仓沪深300指数,475736.96272918634,满仓沪深300指数,448444.0870280186,满仓沪深300指数,508294.88796985656,满仓沪深300指数,507413.7696030543,7.5%多IF + 7.5%空IM
2765,2021-05-24,446956.59408045444,满仓沪深300指数,477723.5473183662,满仓沪深300指数,452421.93013658724,满仓中证1000指数,512803.62690904393,满仓中证1000指数,507413.7696030543,空仓
2766,2021-05-25,461078.16278393636,满仓沪深300指数,483412.58604384796,满仓中证1000指数,452421.93013658724,空仓,518910.4217455749,满仓中证1000指数,502419.2191816968,5%多IM + 5%空IF
2767,2021-05-26,461261.4938028556,满仓沪深300指数,483604.7975366298,满仓沪深300指数,452601.81931835314,满仓沪深300指数,519116.747666048,满仓沪深300指数,500915.1770767067,7.5%多IF + 7.5%空IM
2768,2021-05-27,462790.786771096,满仓沪深300指数,485208.1687831275,满仓沪深300指数,454102.4015022027,满仓沪深300指数,523827.1840835227,满仓中证1000指数,499472.9204249463,5%多IF + 5%空IM
2769,2021-05-28,461304.485173869,满仓沪深300指数,483649.8713907323,满仓沪深300指数,453377.77949561353,满仓中证1000指数,522991.3005823985,满仓中证1000指数,499472.9204249463,空仓
2770,2021-05-31,462213.1211077092,满仓沪深300指数,492320.8308356038,满仓中证1000指数,461506.01558489056,满仓中证1000指数,522991.3005823985,空仓,503458.33100589574,5%多IM + 5%空IF
2771,2021-06-01,464951.4217429775,满仓中证1000指数,495237.49932091666,满仓中证1000指数,464240.12709740596,满仓中证1000指数,526089.6708908668,满仓中证1000指数,504979.29189689073,7.5%多IM + 7.5%空IF
2772,2021-06-02,458489.01732130995,满仓中证1000指数,488354.14580112405,满仓中证1000指数,464240.12709740596,空仓,518777.50007823895,满仓中证1000指数,503381.2854648243,7.5%多IM + 7.5%空IF
2773,2021-06-03,458123.4651578824,满仓中证1000指数,487964.78224437113,满仓中证1000指数,461195.95161177265,满仓沪深300指数,518777.50007823895,空仓,504831.0316149868,5%多IM + 5%空IF
2774,2021-06-04,460275.94493146654,满仓中证1000指数,490257.47057815996,满仓中证1000指数,463362.8673735773,满仓中证1000指数,521214.96107038466,满仓中证1000指数,504665.3330280955,7.5%多IM + 7.5%空IF
2775,2021-06-07,465434.1353655721,满仓中证1000指数,495751.6560180737,满仓中证1000指数,463362.8673735773,空仓,521214.96107038466,空仓,509240.27157823736,7.5%多IM + 7.5%空IF
2776,2021-06-08,461907.9641062353,满仓中证1000指数,491995.7964701991,满仓中证1000指数,463362.8673735773,空仓,517266.189212001,满仓中证1000指数,509640.2351773387,7.5%多IM + 7.5%空IF
2777,2021-06-09,462826.58238774043,满仓中证1000指数,492974.2518513175,满仓中证1000指数,463746.5856320978,满仓沪深300指数,517266.189212001,空仓,509935.9873877326,5%多IM + 5%空IF
2778,2021-06-10,467900.1287039196,满仓中证1000指数,496270.83314013603,满仓沪深300指数,463746.5856320978,空仓,517266.189212001,空仓,509935.9873877326,空仓
2779,2021-06-11,464831.9880040203,满仓中证1000指数,493016.65848207846,满仓中证1000指数,460705.68077541736,满仓中证1000指数,513874.3426395299,满仓中证1000指数,510820.8780737853,7.5%多IM + 7.5%空IF
2780,2021-06-15,462264.3728871031,满仓中证1000指数,487530.10441783385,满仓沪深300指数,455578.7006180707,满仓沪深300指数,513874.3426395299,空仓,509389.3566802141,5%多IF + 5%空IM
2781,2021-06-16,452641.15944763325,满仓中证1000指数,479408.42703721294,满仓沪深300指数,455578.7006180707,空仓,503176.73587956623,满仓中证1000指数,508330.1499083722,5%多IM + 5%空IF
2782,2021-06-17,452641.15944763325,空仓,481427.92862735194,满仓沪深300指数,457497.81980422605,满仓沪深300指数,503176.73587956623,空仓,505042.7369073313,5%多IF + 5%空IM
2783,2021-06-18,457712.4285126846,满仓中证1000指数,481482.0267168142,满仓沪深300指数,462623.50157769275,满仓中证1000指数,508814.1918679555,满仓中证1000指数,509243.94476123236,7.5%多IM + 7.5%空IF
2784,2021-06-21,464686.47711291444,满仓中证1000指数,480342.0979707284,满仓沪深300指数,462623.50157769275,空仓,516566.86512199946,满仓中证1000指数,513726.38352786825,5%多IM + 5%空IF
2785,2021-06-22,466817.45548698003,满仓中证1000指数,482544.870535337,满仓中证1000指数,464745.0194736332,满仓中证1000指数,518935.7587148861,满仓中证1000指数,513088.37147299567,7.5%多IM + 7.5%空IF
2786,2021-06-23,469879.8478945063,满仓中证1000指数,485710.4371405459,满仓中证1000指数,464745.0194736332,空仓,518935.7587148861,空仓,513716.9372982763,7.5%多IM + 7.5%空IF
2787,2021-06-24,465109.64525199245,满仓中证1000指数,480779.5229480637,满仓中证1000指数,464745.0194736332,空仓,518935.7587148861,空仓,509163.2891511787,7.5%多IM + 7.5%空IF
2788,2021-06-25,466829.3188924265,满仓中证1000指数,482557.1336274258,满仓中证1000指数,472316.0571722112,满仓沪深300指数,527389.6033560194,满仓沪深300指数,509163.2891511787,空仓
2789,2021-06-28,471033.25231802254,满仓中证1000指数,483643.07790902397,满仓沪深300指数,472316.0571722112,空仓,528576.4384145618,满仓沪深300指数,507443.6169213853,5%多IF + 5%空IM
2790,2021-06-29,467087.65304846514,满仓中证1000指数,479591.85272368195,满仓中证1000指数,472316.0571722112,空仓,524148.8299621852,满仓中证1000指数,508691.8466900152,7.5%多IM + 7.5%空IF
2791,2021-06-30,472382.2462197551,满仓中证1000指数,485028.18513766164,满仓中证1000指数,477669.91603504674,满仓中证1000指数,524148.8299621852,空仓,510554.4073278826,7.5%多IM + 7.5%空IF
2792,2021-07-01,464768.8540929486,满仓中证1000指数,477210.97821348684,满仓中证1000指数,477669.91603504674,空仓,515701.1149871975,满仓中证1000指数,503970.77356875263,7.5%多IM + 7.5%空IF
2793,2021-07-02,460727.7073960512,满仓中证1000指数,473061.6477423341,满仓中证1000指数,464101.8492713608,满仓沪深300指数,501052.7837371713,满仓沪深300指数,503970.77356875263,空仓
2794,2021-07-05,467247.4389157526,满仓中证1000指数,479755.91614867555,满仓中证1000指数,470669.3280803682,满仓中证1000指数,508143.15311310545,满仓中证1000指数,508971.73743427615,7.5%多IM + 7.5%空IF
2795,2021-07-06,465404.4232027277,满仓中证1000指数,477863.5618664768,满仓中证1000指数,468812.81503172766,满仓中证1000指数,506138.82791481935,满仓中证1000指数,507667.8054191729,7.5%多IM + 7.5%空IF
2796,2021-07-07,465404.4232027277,空仓,485436.60795964085,满仓中证1000指数,474105.46753116284,满仓沪深300指数,506138.82791481935,空仓,507667.8054191729,空仓
2797,2021-07-08,466044.1974690719,满仓中证1000指数,486103.91973028705,满仓中证1000指数,474757.20280168776,满仓中证1000指数,506834.5982624004,满仓中证1000指数,512060.0769109566,7.5%多IM + 7.5%空IF
2798,2021-07-09,468899.0471075473,满仓中证1000指数,489081.6493255484,满仓中证1000指数,477665.42574737075,满仓中证1000指数,509939.3178951607,满仓中证1000指数,515833.1340670166,7.5%多IM + 7.5%空IF
2799,2021-07-12,478177.06390318554,满仓中证1000指数,498759.01545557624,满仓中证1000指数,487116.90121979447,满仓中证1000指数,520029.39076985023,满仓中证1000指数,518659.48707571643,7.5%多IM + 7.5%空IF
2800,2021-07-13,481294.67926194554,满仓中证1000指数,502010.8208730337,满仓中证1000指数,487116.90121979447,空仓,523419.87462626316,满仓中证1000指数,520483.98500211944,7.5%多IM + 7.5%空IF
2801,2021-07-14,475523.7787056351,满仓中证1000指数,495991.526145129,满仓中证1000指数,487116.90121979447,空仓,517143.87745484913,满仓中证1000指数,520283.45806200826,7.5%多IM + 7.5%空IF
2802,2021-07-15,475379.81160731486,满仓中证1000指数,495841.362338379,满仓中证1000指数,487116.90121979447,空仓,517143.87745484913,空仓,514916.17630616337,7.5%多IM + 7.5%空IF
2803,2021-07-16,474509.3525659001,满仓中证1000指数,494933.43653586006,满仓中证1000指数,481756.3637253633,满仓沪深300指数,511452.90442933846,满仓沪深300指数,514916.17630616337,空仓
2804,2021-07-19,472993.2505523868,满仓中证1000指数,496752.1722003848,满仓沪深300指数,480217.106829546,满仓中证1000指数,509818.7642927331,满仓中证1000指数,512263.1473013741,7.5%多IM + 7.5%空IF
2805,2021-07-20,476144.79149429937,满仓中证1000指数,496314.9793030872,满仓沪深300指数,480217.106829546,空仓,509370.0714532624,满仓沪深300指数,510331.12763894483,5%多IF + 5%空IM
2806,2021-07-21,485698.3157975481,满仓中证1000指数,499719.79725249525,满仓沪深300指数,489852.3393951148,满仓中证1000指数,519590.238603898,满仓中证1000指数,515384.98660656787,7.5%多IM + 7.5%空IF
2807,2021-07-22,488827.81955241674,满仓中证1000指数,502939.6457284281,满仓中证1000指数,493008.6088027015,满仓中证1000指数,522938.118449917,满仓中证1000指数,517296.3049207354,7.5%多IM + 7.5%空IF
2808,2021-07-23,484449.87665699597,满仓中证1000指数,498435.31729053706,满仓中证1000指数,487025.2801122921,满仓沪深300指数,518254.68365173234,满仓中证1000指数,518530.1945303994,7.5%多IM + 7.5%空IF
2809,2021-07-26,478302.637138504,满仓中证1000指数,492110.61492709763,满仓中证1000指数,480845.3610067896,满仓中证1000指数,518254.68365173234,空仓,526122.2155782558,7.5%多IM + 7.5%空IF
2810,2021-07-27,465680.4624387119,满仓中证1000指数,479124.0543879525,满仓中证1000指数,468156.085056896,满仓中证1000指数,504578.1938143087,满仓中证1000指数,529648.0683887302,7.5%多IM + 7.5%空IF
2811,2021-07-28,465680.4624387119,空仓,469103.6734211744,满仓中证1000指数,458365.0877541661,满仓中证1000指数,494025.4660118883,满仓中证1000指数,520573.6604981173,7.5%多IM + 7.5%空IF
2812,2021-07-29,465680.4624387119,空仓,486797.5420978448,满仓中证1000指数,467010.7485868771,满仓沪深300指数,503343.7512303112,满仓沪深300指数,515665.55981621123,5%多IF + 5%空IM
2813,2021-07-30,465680.4624387119,空仓,490505.5468567032,满仓中证1000指数,470568.03458042484,满仓中证1000指数,507177.790771391,满仓中证1000指数,521729.6283003878,7.5%多IM + 7.5%空IF
2814,2021-08-02,474655.72669784765,满仓中证1000指数,499959.2758805834,满仓中证1000指数,479637.49916595547,满仓中证1000指数,516952.8512811219,满仓中证1000指数,519302.8157793326,7.5%多IM + 7.5%空IF
2815,2021-08-03,468666.7838983257,满仓中证1000指数,493651.0669263379,满仓中证1000指数,479637.49916595547,空仓,517028.5332885257,满仓沪深300指数,515988.6652498852,5%多IM + 5%空IF
2816,2021-08-04,479519.5994356818,满仓中证1000指数,505082.43811208184,满仓中证1000指数,483952.2416236994,满仓沪深300指数,521679.63952672493,满仓沪深300指数,515988.6652498852,空仓
2817,2021-08-05,477578.7594798434,满仓中证1000指数,503038.13339954475,满仓中证1000指数,481993.46069302154,满仓中证1000指数,519568.15818220336,满仓中证1000指数,516767.94764668355,7.5%多IM + 7.5%空IF
2818,2021-08-06,479773.9404080959,满仓中证1000指数,505350.3378154721,满仓中证1000指数,479353.41373977007,满仓沪深300指数,519568.15818220336,空仓,519370.86375605746,5%多IM + 5%空IF
2819,2021-08-09,481371.1427223703,满仓中证1000指数,507032.6858154316,满仓中证1000指数,480949.2160902047,满仓中证1000指数,521297.83833941666,满仓中证1000指数,515602.36769394885,7.5%多IM + 7.5%空IF
2820,2021-08-10,484094.3897567923,满仓中证1000指数,509901.1071549265,满仓中证1000指数,486504.3773748715,满仓沪深300指数,527319.0428084983,满仓沪深300指数,515602.36769394885,空仓
2821,2021-08-11,487708.6734024757,满仓中证1000指数,507089.5648311439,满仓沪深300指数,486504.3773748715,空仓,527319.0428084983,空仓,515602.36769394885,空仓
2822,2021-08-12,491017.97872142383,满仓中证1000指数,502844.0827395806,满仓沪深300指数,482431.23967916693,满仓沪深300指数,530897.1208873121,满仓中证1000指数,515602.36769394885,空仓
2823,2021-08-13,490017.03654436965,满仓中证1000指数,500076.96714023355,满仓沪深300指数,481447.8016051053,满仓中证1000指数,529814.8849142903,满仓中证1000指数,516942.0671850193,7.5%多IM + 7.5%空IF
2824,2021-08-16,485286.1277395741,满仓中证1000指数,499579.99245061533,满仓沪深300指数,481447.8016051053,空仓,529814.8849142903,空仓,516942.0671850193,空仓
2825,2021-08-17,471942.0018200887,满仓中证1000指数,489098.7433672393,满仓沪深300指数,471346.9680939119,满仓沪深300指数,518699.304104845,满仓沪深300指数,518626.6050211469,5%多IF + 5%空IM
2826,2021-08-18,474856.5255772413,满仓中证1000指数,494845.199633276,满仓沪深300指数,476884.8574772157,满仓沪深300指数,518699.304104845,空仓,520071.88110433,5%多IF + 5%空IM
2827,2021-08-19,474856.5255772413,空仓,491599.74349386344,满仓沪深300指数,473757.19474624586,满仓沪深300指数,518699.304104845,空仓,516144.16725553013,5%多IF + 5%空IM
2828,2021-08-20,474766.77756931155,满仓中证1000指数,482209.7093994348,满仓沪深300指数,473667.65451213164,满仓中证1000指数,518601.26980026974,满仓中证1000指数,523465.14609573234,7.5%多IM + 7.5%空IF
2829,2021-08-23,474766.77756931155,空仓,488944.53389953525,满仓沪深300指数,485415.0592028296,满仓中证1000指数,531463.0705405556,满仓中证1000指数,526300.8497258192,5%多IM + 5%空IF
2830,2021-08-24,478645.1937801349,满仓中证1000指数,492938.76958758855,满仓中证1000指数,485415.0592028296,空仓,535804.6443102947,满仓中证1000指数,525239.1417545935,7.5%多IM + 7.5%空IF
2831,2021-08-25,482029.71363710833,满仓中证1000指数,496424.3599071429,满仓中证1000指数,485415.0592028296,空仓,535804.6443102947,空仓,527237.5618773616,7.5%多IM + 7.5%空IF
2832,2021-08-26,475819.5698637323,满仓中证1000指数,490028.7652779901,满仓中证1000指数,479161.30093414156,满仓中证1000指数,535804.6443102947,空仓,529937.4363391144,7.5%多IM + 7.5%空IF
2833,2021-08-27,476474.08846633753,满仓中证1000指数,490702.8294884596,满仓中证1000指数,479820.4162899891,满仓中证1000指数,535804.6443102947,空仓,528378.8667639017,7.5%多IM + 7.5%空IF
2834,2021-08-30,479431.38043933857,满仓中证1000指数,489302.7073742568,满仓沪深300指数,478451.3449593958,满仓沪深300指数,535804.6443102947,空仓,525985.3326835134,5%多IF + 5%空IM
2835,2021-08-31,479473.3382712557,满仓中证1000指数,489345.5291034765,满仓中证1000指数,478493.21702270117,满仓中证1000指数,535851.5356948047,满仓中证1000指数,526647.692538481,7.5%多IM + 7.5%空IF
2836,2021-09-01,471932.49903579766,满仓中证1000指数,481649.4265863604,满仓中证1000指数,484850.6239597558,满仓沪深300指数,535851.5356948047,空仓,519007.70841563185,5%多IM + 5%空IF
2837,2021-09-02,477142.93216636946,满仓中证1000指数,481644.73814269,满仓沪深300指数,484845.9043551772,满仓沪深300指数,535846.3196401347,满仓沪深300指数,516140.09576758323,5%多IF + 5%空IM
2838,2021-09-03,473419.4242958001,满仓中证1000指数,479038.507479684,满仓沪深300指数,482222.3518429333,满仓沪深300指数,531664.7047526696,满仓中证1000指数,516140.09576758323,空仓
2839,2021-09-06,479887.6369637871,满仓中证1000指数,488006.27370843146,满仓沪深300指数,491249.72073725465,满仓沪深300指数,531664.7047526696,空仓,517445.3088267148,5%多IF + 5%空IM
2840,2021-09-07,485636.41462903284,满仓沪深300指数,493852.30796875263,满仓沪深300指数,491249.72073725465,空仓,538033.7418869025,满仓沪深300指数,514907.25926592585,7.5%多IF + 7.5%空IM
2841,2021-09-08,483623.2841836832,满仓沪深300指数,494849.17097679374,满仓中证1000指数,492241.33030637406,满仓中证1000指数,539119.7870986197,满仓中证1000指数,517287.6329381896,7.5%多IM + 7.5%空IF
2842,2021-09-09,483989.99666809343,满仓中证1000指数,495224.3956089236,满仓中证1000指数,492614.57751565747,满仓中证1000指数,539528.5803949462,满仓中证1000指数,517747.16127418197,7.5%多IM + 7.5%空IF
2843,2021-09-10,488226.95256699086,满仓沪深300指数,497256.24022017093,满仓中证1000指数,494635.7143651787,满仓中证1000指数,539528.5803949462,空仓,516543.05083776964,5%多IM + 5%空IF
2844,2021-09-13,486097.97683443956,满仓沪深300指数,498185.8550307232,满仓中证1000指数,492478.7924115671,满仓沪深300指数,537175.8973883252,满仓沪深300指数,514933.98935686896,5%多IF + 5%空IM
2845,2021-09-14,478843.20043961995,满仓沪深300指数,496268.6294809118,满仓中证1000指数,490583.5300029355,满仓中证1000指数,535108.6220034143,满仓中证1000指数,519211.58479068306,7.5%多IM + 7.5%空IF
2846,2021-09-15,482190.15696919,满仓中证1000指数,499737.3840300774,满仓中证1000指数,490583.5300029355,空仓,538848.8553298963,满仓中证1000指数,525880.6797407478,7.5%多IM + 7.5%空IF
2847,2021-09-16,469047.91888579936,满仓中证1000指数,486116.89098356804,满仓中证1000指数,477212.5280073456,满仓中证1000指数,524162.36734304077,满仓中证1000指数,519962.12694520515,7.5%多IM + 7.5%空IF
2848,2021-09-17,467552.58025251824,满仓中证1000指数,484567.1359625779,满仓中证1000指数,482001.0730904293,满仓沪深300指数,529422.026257191,满仓沪深300指数,519962.12694520515,空仓
2849,2021-09-22,469901.53750810336,满仓中证1000指数,481157.0924519291,满仓沪深300指数,482001.0730904293,空仓,525696.3255006867,满仓沪深300指数,516826.43273290194,5%多IF + 5%空IM
2850,2021-09-23,472184.2953488066,满仓中证1000指数,484293.2663410679,满仓沪深300指数,484342.6098614291,满仓中证1000指数,528250.1315921275,满仓中证1000指数,516182.9706446955,7.5%多IM + 7.5%空IF
2851,2021-09-24,472184.2953488066,空仓,483917.26315875794,满仓沪深300指数,477444.6192395389,满仓中证1000指数,528250.1315921275,空仓,516182.9706446955,空仓
2852,2021-09-27,472184.2953488066,空仓,486705.5642522887,满仓沪深300指数,477444.6192395389,空仓,531293.8759090004,满仓沪深300指数,525309.9048986797,5%多IF + 5%空IM
2853,2021-09-28,472184.2953488066,空仓,487350.0185389115,满仓沪深300指数,478076.8109671321,满仓沪深300指数,531997.3702615089,满仓沪深300指数,525783.3100685782,7.5%多IF + 7.5%空IM
2854,2021-09-29,472184.2953488066,空仓,482370.5808539459,满仓沪深300指数,473192.121117371,满仓沪深300指数,531997.3702615089,空仓,532585.2479118183,5%多IF + 5%空IM
2855,2021-09-30,472184.2953488066,空仓,485609.16771176946,满仓沪深300指数,476369.0847331111,满仓沪深300指数,535569.1463194009,满仓沪深300指数,523821.6493118921,7.5%多IF + 7.5%空IM
2856,2021-10-08,472184.2953488066,空仓,491951.5570594905,满仓沪深300指数,477668.9025595633,满仓中证1000指数,537030.497078705,满仓中证1000指数,521115.5623117681,5%多IM + 5%空IF
2857,2021-10-11,472782.9996480398,满仓沪深300指数,492575.3251837742,满仓沪深300指数,478274.56104585656,满仓沪深300指数,537711.4228752371,满仓沪深300指数,523759.8828982587,7.5%多IF + 7.5%空IM
2858,2021-10-12,467768.5051407006,满仓沪深300指数,487350.9066568313,满仓沪深300指数,473201.8212029479,满仓沪深300指数,532008.2758108361,满仓沪深300指数,528975.1354281182,7.5%多IF + 7.5%空IM
2859,2021-10-13,473158.1751604504,满仓沪深300指数,492966.2068359576,满仓沪深300指数,478654.0943701235,满仓沪深300指数,538138.1221405584,满仓沪深300指数,529094.3981242097,7.5%多IF + 7.5%空IM
2860,2021-10-14,470620.3600722128,满仓沪深300指数,490322.15006302897,满仓沪深300指数,478654.0943701235,空仓,538138.1221405584,空仓,525755.9242350407,5%多IF + 5%空IM
2861,2021-10-15,472391.8961052717,满仓沪深300指数,490866.9818058912,满仓中证1000指数,479185.9609081339,满仓中证1000指数,538736.0856038627,满仓中证1000指数,524709.7674242535,7.5%多IM + 7.5%空IF
2862,2021-10-18,466900.5950992774,满仓沪深300指数,496156.8749722595,满仓中证1000指数,479185.9609081339,空仓,538736.0856038627,空仓,524709.7674242535,空仓
2863,2021-10-19,466900.5950992774,空仓,501127.30180394574,满仓中证1000指数,483986.3756108391,满仓中证1000指数,544133.0647250988,满仓中证1000指数,524781.3640835456,7.5%多IM + 7.5%空IF
2864,2021-10-20,465711.35906794574,满仓沪深300指数,502429.989592735,满仓中证1000指数,485244.50530997745,满仓中证1000指数,544133.0647250988,空仓,526131.7841869667,5%多IM + 5%空IF
2865,2021-10-21,464471.6738360037,满仓中证1000指数,501092.56239441736,满仓中证1000指数,485244.50530997745,空仓,542684.6273799135,满仓中证1000指数,523648.43589242717,7.5%多IM + 7.5%空IF
2866,2021-10-22,460444.8246579803,满仓中证1000指数,496748.2195923543,满仓中证1000指数,488366.8586999462,满仓沪深300指数,546176.5848723556,满仓沪深300指数,523648.43589242717,空仓
2867,2021-10-25,462282.81606836384,满仓沪深300指数,498731.12592953007,满仓沪深300指数,490316.3085435257,满仓沪深300指数,548356.7980440286,满仓沪深300指数,520258.84772305464,7.5%多IF + 7.5%空IM
2868,2021-10-26,460829.2626135384,满仓中证1000指数,497086.0471149597,满仓沪深300指数,488774.6095240767,满仓中证1000指数,546632.602615237,满仓中证1000指数,520319.02879402804,7.5%多IM + 7.5%空IF
2869,2021-10-27,456217.54452580324,满仓中证1000指数,490582.4917183222,满仓沪深300指数,488774.6095240767,空仓,546632.602615237,空仓,520319.02879402804,空仓
2870,2021-10-28,446048.3596008179,满仓中证1000指数,479647.3048998732,满仓中证1000指数,477879.7207795981,满仓中证1000指数,546632.602615237,空仓,514331.4141866998,7.5%多IM + 7.5%空IF
2871,2021-10-29,446048.3596008179,空仓,484048.42725228623,满仓沪深300指数,482264.6242271991,满仓沪深300指数,551648.3651168732,满仓沪深300指数,511636.93901006423,7.5%多IF + 7.5%空IM
2872,2021-11-01,450294.5888324304,满仓中证1000指数,482265.08526875,满仓沪深300指数,486855.6200254996,满仓中证1000指数,556899.8706164716,满仓中证1000指数,516703.6348655265,7.5%多IM + 7.5%空IF
2873,2021-11-02,445039.43201447936,满仓中证1000指数,477251.8678820873,满仓沪深300指数,481794.6833463574,满仓沪深300指数,550400.5783207889,满仓中证1000指数,516703.6348655265,空仓
2874,2021-11-03,445039.43201447936,空仓,475404.54844326107,满仓沪深300指数,481794.6833463574,空仓,550400.5783207889,空仓,515121.62323612365,5%多IF + 5%空IM
2875,2021-11-04,445039.43201447936,空仓,480101.2904214658,满仓沪深300指数,488220.1504186972,满仓中证1000指数,557741.0096597845,满仓中证1000指数,516012.0268754541,5%多IM + 5%空IF
2876,2021-11-05,445039.43201447936,空仓,477498.3999967148,满仓沪深300指数,488220.1504186972,空仓,550727.5454460379,满仓中证1000指数,516012.0268754541,空仓
2877,2021-11-08,445039.43201447936,空仓,478073.65474536596,满仓沪深300指数,488220.1504186972,空仓,551391.0212518899,满仓沪深300指数,515159.48846742586,5%多IF + 5%空IM
2878,2021-11-09,445039.43201447936,空仓,485097.1428578907,满仓中证1000指数,488220.1504186972,空仓,551391.0212518899,空仓,519019.8963755438,5%多IM + 5%空IF
2879,2021-11-10,445232.62226712785,满仓中证1000指数,485307.7220399725,满仓中证1000指数,488220.1504186972,空仓,551630.3784032811,满仓中证1000指数,521241.0687937321,7.5%多IM + 7.5%空IF
2880,2021-11-11,448689.4136987536,满仓中证1000指数,489075.65702799556,满仓中证1000指数,492010.69753566437,满仓中证1000指数,555913.2432926038,满仓中证1000指数,517995.3128853861,7.5%多IM + 7.5%空IF
2881,2021-11-12,454838.97449145495,满仓中证1000指数,495778.7358020878,满仓中证1000指数,490978.3961963979,满仓沪深300指数,554746.8662434028,满仓沪深300指数,517995.3128853861,空仓
2882,2021-11-15,453579.036776643,满仓中证1000指数,494405.3919101374,满仓中证1000指数,489618.3496014082,满仓中证1000指数,553210.1762538626,满仓中证1000指数,517395.7675375611,7.5%多IM + 7.5%空IF
2883,2021-11-16,448420.56277858734,满仓中证1000指数,488782.6070107487,满仓中证1000指数,489712.90622324415,满仓沪深300指数,553210.1762538626,空仓,514403.68181245256,5%多IM + 5%空IF
2884,2021-11-17,456451.110988675,满仓中证1000指数,489026.2115590437,满仓沪深300指数,489712.90622324415,空仓,553485.8908827498,满仓沪深300指数,509925.76465662697,5%多IF + 5%空IM
2885,2021-11-18,455842.76495147834,满仓中证1000指数,488374.450284451,满仓中证1000指数,489060.2297400614,满仓中证1000指数,552748.2194426837,满仓中证1000指数,513184.0077130817,7.5%多IM + 7.5%空IF
2886,2021-11-19,461099.4825980166,满仓中证1000指数,494006.3189644376,满仓中证1000指数,494700.00673678156,满仓中证1000指数,559122.4377974409,满仓中证1000指数,513450.3610268867,7.5%多IM + 7.5%空IF
2887,2021-11-22,469584.8870241285,满仓中证1000指数,503097.29295957106,满仓中证1000指数,503803.74635303573,满仓中证1000指数,559122.4377974409,空仓,518777.58275751973,7.5%多IM + 7.5%空IF
2888,2021-11-23,469241.4153644009,满仓中证1000指数,502729.30909341143,满仓中证1000指数,503435.2457608776,满仓中证1000指数,558713.4750795002,满仓中证1000指数,518418.01027939783,7.5%多IM + 7.5%空IF
2889,2021-11-24,469076.85858264595,满仓中证1000指数,502553.0085485542,满仓中证1000指数,503435.2457608776,空仓,558713.4750795002,空仓,518019.55032493494,7.5%多IM + 7.5%空IF
2890,2021-11-25,468307.9323063918,满仓中证1000指数,501729.2070618401,满仓中证1000指数,502609.9980817922,满仓中证1000指数,558713.4750795002,空仓,518980.17774807726,7.5%多IM + 7.5%空IF
2891,2021-11-26,469195.9244249851,满仓中证1000指数,502680.57164655835,满仓中证1000指数,502609.9980817922,空仓,558713.4750795002,空仓,522605.0475963145,7.5%多IM + 7.5%空IF
2892,2021-11-29,472684.6640978657,满仓中证1000指数,506418.28879582573,满仓中证1000指数,506347.1904762985,满仓中证1000指数,562867.8288682115,满仓中证1000指数,526221.3575191005,7.5%多IM + 7.5%空IF
2893,2021-11-30,475902.3725470803,满仓中证1000指数,509865.6323008347,满仓中证1000指数,506347.1904762985,空仓,566699.4415823598,满仓中证1000指数,530485.9262606584,7.5%多IM + 7.5%空IF
2894,2021-12-01,475992.79310116277,满仓中证1000指数,509962.5058102764,满仓中证1000指数,506347.1904762985,空仓,566807.113408478,满仓中证1000指数,529587.8604542924,7.5%多IM + 7.5%空IF
2895,2021-12-02,470817.6329863503,满仓中证1000指数,504418.0150987158,满仓中证1000指数,507634.2132623305,满仓沪深300指数,566807.113408478,空仓,526035.8805194343,5%多IM + 5%空IF
2896,2021-12-03,474110.446687015,满仓中证1000指数,509077.1292714166,满仓沪深300指数,512323.03421392856,满仓沪深300指数,572042.4915595781,满仓沪深300指数,526625.7754501842,5%多IF + 5%空IM
2897,2021-12-06,467185.05236930295,满仓中证1000指数,508204.9599670547,满仓沪深300指数,512323.03421392856,空仓,572042.4915595781,空仓,526625.7754501842,空仓
2898,2021-12-07,467185.05236930295,空仓,511267.160666644,满仓沪深300指数,515410.04846480733,满仓沪深300指数,575489.3467771306,满仓沪深300指数,535265.5671432655,7.5%多IF + 7.5%空IM
2899,2021-12-08,474192.52228877466,满仓沪深300指数,518935.83335001825,满仓沪深300指数,523140.8617528052,满仓沪深300指数,584121.3102058949,满仓沪深300指数,534007.0832512575,7.5%多IF + 7.5%空IM
2900,2021-12-09,482047.7798631256,满仓沪深300指数,527532.288257931,满仓沪深300指数,523140.8617528052,空仓,584799.962937967,满仓中证1000指数,538119.9283113787,5%多IF + 5%空IM
2901,2021-12-10,479810.33991577866,满仓沪深300指数,525083.7305328051,满仓沪深300指数,520712.6869720654,满仓沪深300指数,582085.5954977602,满仓沪深300指数,535362.9001186691,7.5%多IF + 7.5%空IM
2902,2021-12-13,482532.856395708,满仓沪深300指数,528063.1350824637,满仓沪深300指数,520712.6869720654,空仓,584705.2251034762,满仓中证1000指数,535677.0862469088,5%多IF + 5%空IM
2903,2021-12-14,479295.71610409155,满仓沪深300指数,527859.9885833781,满仓中证1000指数,520512.368198873,满仓中证1000指数,584705.2251034762,空仓,537370.8814072537,5%多IM + 5%空IF
2904,2021-12-15,475138.7660715543,满仓沪深300指数,526124.255904069,满仓中证1000指数,518800.79629153456,满仓中证1000指数,582782.5713905125,满仓中证1000指数,539541.104910078,7.5%多IM + 7.5%空IF
2905,2021-12-16,477875.4724590525,满仓沪深300指数,529456.9417430792,满仓中证1000指数,521788.98743575363,满仓沪深300指数,582782.5713905125,空仓,539386.0937241337,5%多IF + 5%空IM
2906,2021-12-17,470284.84954217676,满仓沪深300指数,522058.554961255,满仓中证1000指数,513500.8377522759,满仓沪深300指数,582782.5713905125,空仓,538870.8278466734,5%多IF + 5%空IM
2907,2021-12-20,463228.61190023785,满仓沪深300指数,514225.4954221267,满仓沪深300指数,505796.1797263112,满仓沪深300指数,582782.5713905125,空仓,540084.6058564718,7.5%多IF + 7.5%空IM
2908,2021-12-21,463228.61190023785,空仓,517709.6544156193,满仓沪深300指数,509223.22549544595,满仓沪深300指数,582782.5713905125,空仓,538532.4103593343,5%多IF + 5%空IM
2909,2021-12-22,468054.9866989904,满仓中证1000指数,517811.7636915123,满仓沪深300指数,514528.8177652948,满仓中证1000指数,588854.5778328025,满仓中证1000指数,542660.9715112833,7.5%多IM + 7.5%空IF
2910,2021-12-23,468164.1745835962,满仓中证1000指数,521424.1519583119,满仓沪深300指数,514648.8470669304,满仓中证1000指数,588991.9458504952,满仓中证1000指数,539916.6084330908,7.5%多IM + 7.5%空IF
2911,2021-12-24,458954.2198948095,满仓中证1000指数,518537.78161075804,满仓沪深300指数,514648.8470669304,空仓,585731.5504870162,满仓沪深300指数,543732.9921208838,5%多IF + 5%空IM
2912,2021-12-27,458954.2198948095,空仓,518324.82829581894,满仓沪深300指数,514437.4908612706,满仓沪深300指数,585491.0020067239,满仓沪深300指数,543574.704114108,7.5%多IF + 7.5%空IM
2913,2021-12-28,458954.2198948095,空仓,522185.4671713603,满仓沪深300指数,518269.17568097106,满仓沪深300指数,585491.0020067239,空仓,542554.946198812,5%多IF + 5%空IM
2914,2021-12-29,458954.2198948095,空仓,514548.18644302234,满仓沪深300指数,518269.17568097106,空仓,584887.8595921631,满仓中证1000指数,542554.946198812,空仓
2915,2021-12-30,458954.2198948095,空仓,518555.2722100751,满仓沪深300指数,522827.99300175573,满仓中证1000指数,590032.6704937993,满仓中证1000指数,542828.5711872388,5%多IM + 5%空IF
2916,2021-12-31,458954.2198948095,空仓,524169.483042776,满仓中证1000指数,528488.4630408311,满仓中证1000指数,590032.6704937993,空仓,545675.9764350961,7.5%多IM + 7.5%空IF
2917,2022-01-04,498298.7079111099,满仓中证1000指数,498298.7079111099,满仓中证1000指数,500000.0,空仓,498298.7079111099,满仓中证1000指数,500440.0955877989,7.5%多IM + 7.5%空IF
2918,2022-01-05,485728.06079554715,满仓中证1000指数,485728.06079554715,满仓中证1000指数,494952.4736367553,满仓沪深300指数,498298.7079111099,空仓,496653.7460712832,5%多IM + 5%空IF
2919,2022-01-06,485728.06079554715,空仓,480750.32918814087,满仓沪深300指数,489880.2104280983,满仓沪深300指数,493192.1525594666,满仓沪深300指数,489828.52960752463,7.5%多IF + 7.5%空IM
2920,2022-01-07,485728.06079554715,空仓,481163.1180014322,满仓沪深300指数,479774.79835779587,满仓中证1000指数,483018.4206442755,满仓中证1000指数,484566.0647823243,5%多IM + 5%空IF
2921,2022-01-10,485728.06079554715,空仓,483325.91147383186,满仓沪深300指数,481931.35143364273,满仓沪深300指数,485189.5535680901,满仓沪深300指数,483763.97178757086,7.5%多IF + 7.5%空IM
2922,2022-01-11,485728.06079554715,空仓,478709.0545322331,满仓沪深300指数,481931.35143364273,空仓,485189.5535680901,空仓,484189.75090648,5%多IF + 5%空IM
2923,2022-01-12,485728.06079554715,空仓,483478.92999503354,满仓沪深300指数,486733.3339869157,满仓沪深300指数,485189.5535680901,空仓,482396.5700632068,5%多IF + 5%空IM
2924,2022-01-13,485728.06079554715,空仓,475530.70738710597,满仓沪深300指数,486733.3339869157,空仓,476786.3792496711,满仓中证1000指数,482396.5700632068,空仓
2925,2022-01-14,485728.06079554715,空仓,471620.6930432491,满仓沪深300指数,482731.20691508206,满仓沪深300指数,476786.3792496711,空仓,479448.40862393787,5%多IF + 5%空IM
2926,2022-01-17,485728.06079554715,空仓,479775.52117754525,满仓中证1000指数,491078.1477629317,满仓中证1000指数,485030.5276445717,满仓中证1000指数,482581.617441805,7.5%多IM + 7.5%空IF
2927,2022-01-18,485728.06079554715,空仓,476735.0940879871,满仓中证1000指数,487966.09381761187,满仓中证1000指数,481956.7985975086,满仓中证1000指数,476790.2052446486,7.5%多IM + 7.5%空IF
2928,2022-01-19,485728.06079554715,空仓,470994.8104109915,满仓中证1000指数,484623.7925280115,满仓沪深300指数,478655.65769880055,满仓沪深300指数,478027.80259730824,5%多IF + 5%空IM
2929,2022-01-20,485728.06079554715,空仓,460390.7515623229,满仓中证1000指数,488996.2839208243,满仓沪深300指数,478655.65769880055,空仓,478027.80259730824,空仓
2930,2022-01-21,481277.62800294533,满仓沪深300指数,456172.469227949,满仓沪深300指数,484515.90637406014,满仓沪深300指数,474270.0250633334,满仓沪深300指数,479712.8353272467,7.5%多IF + 7.5%空IM
2931,2022-01-24,481277.62800294533,空仓,456881.0220000838,满仓沪深300指数,484515.90637406014,空仓,474270.0250633334,空仓,478895.3966823108,5%多IF + 5%空IM
2932,2022-01-25,481277.62800294533,空仓,446545.3621879922,满仓沪深300指数,484515.90637406014,空仓,455598.16598204634,满仓中证1000指数,478895.3966823108,空仓
2933,2022-01-26,481277.62800294533,空仓,449777.18749329745,满仓沪深300指数,488022.5395173764,满仓沪深300指数,458895.5100069778,满仓沪深300指数,479583.33096987096,7.5%多IF + 7.5%空IM
2934,2022-01-27,481277.62800294533,空仓,440954.57681630866,满仓沪深300指数,488022.5395173764,空仓,458895.5100069778,空仓,481932.61381329497,5%多IF + 5%空IM
2935,2022-01-28,481277.62800294533,空仓,435599.5557340372,满仓沪深300指数,482095.91776280076,满仓沪深300指数,453322.6114368133,满仓沪深300指数,476873.1563771877,7.5%多IF + 7.5%空IM
2936,2022-02-07,481277.62800294533,空仓,442311.2069734397,满仓沪深300指数,482095.91776280076,空仓,459083.239099066,满仓中证1000指数,476873.1563771877,空仓
2937,2022-02-08,481277.62800294533,空仓,439894.7685640454,满仓沪深300指数,479462.1271775122,满仓沪深300指数,459083.239099066,空仓,474929.0676644733,5%多IF + 5%空IM
2938,2022-02-09,481277.62800294533,空仓,444026.48977374105,满仓沪深300指数,483965.48566611565,满仓沪深300指数,459083.239099066,空仓,472772.3890634601,5%多IF + 5%空IM
2939,2022-02-10,481277.62800294533,空仓,441821.40255893377,满仓中证1000指数,481562.0567504351,满仓中证1000指数,456803.3783151171,满仓中证1000指数,471941.2670183123,7.5%多IM + 7.5%空IF
2940,2022-02-11,481277.62800294533,空仓,438158.4422327355,满仓沪深300指数,477569.622933823,满仓沪深300指数,456803.3783151171,空仓,474646.90535880474,5%多IF + 5%空IM
2941,2022-02-14,481277.62800294533,空仓,433425.14736296335,满仓沪深300指数,472410.58084239846,满仓沪深300指数,451868.6677659933,满仓沪深300指数,472207.0649450123,7.5%多IF + 7.5%空IM
2942,2022-02-15,481277.62800294533,空仓,438035.3380008261,满仓沪深300指数,472410.58084239846,空仓,459529.178401768,满仓中证1000指数,472207.0649450123,空仓
2943,2022-02-16,481277.62800294533,空仓,439738.57189262594,满仓沪深300指数,476273.28394717275,满仓中证1000指数,463286.5556835844,满仓中证1000指数,473219.53173399565,5%多IM + 5%空IF
2944,2022-02-17,483790.23140525253,满仓中证1000指数,440802.74551122723,满仓沪深300指数,477425.87209025916,满仓沪深300指数,465705.23319594667,满仓中证1000指数,473219.53173399565,空仓
2945,2022-02-18,485879.7147208974,满仓中证1000指数,442706.5664700771,满仓中证1000指数,477425.87209025916,空仓,467716.60765455227,满仓中证1000指数,473060.2436138291,7.5%多IM + 7.5%空IF
2946,2022-02-21,491427.3509805851,满仓中证1000指数,447761.2640138139,满仓中证1000指数,475688.9450181572,满仓沪深300指数,467716.60765455227,空仓,476621.39942913404,5%多IM + 5%空IF
2947,2022-02-22,487718.44556637795,满仓中证1000指数,444381.91572752234,满仓中证1000指数,475688.9450181572,空仓,464186.6521993194,满仓中证1000指数,478564.05471801374,7.5%多IM + 7.5%空IF
2948,2022-02-23,499186.6809782502,满仓中证1000指数,454831.1338546403,满仓中证1000指数,475688.9450181572,空仓,475101.5598696428,满仓中证1000指数,483167.20679680374,7.5%多IM + 7.5%空IF
2949,2022-02-24,488112.52727747086,满仓中证1000指数,444740.98105982743,满仓中证1000指数,465136.07433545124,满仓中证1000指数,464561.7199701369,满仓中证1000指数,482474.92371489917,7.5%多IM + 7.5%空IF
2950,2022-02-25,493260.91602367436,满仓中证1000指数,449431.9064794947,满仓中证1000指数,469665.49677630083,满仓沪深300指数,464561.7199701369,空仓,482670.2539259967,5%多IM + 5%空IF
2951,2022-02-28,497138.5039813379,满仓中证1000指数,452964.9489155409,满仓中证1000指数,469665.49677630083,空仓,464561.7199701369,空仓,484865.2670021182,7.5%多IM + 7.5%空IF
2952,2022-03-01,497782.5609471897,满仓中证1000指数,453551.77779381006,满仓中证1000指数,470273.9616857708,满仓中证1000指数,465163.5727926777,满仓中证1000指数,482317.0950256292,7.5%多IM + 7.5%空IF
2953,2022-03-02,496768.5293480713,满仓中证1000指数,449518.0835644168,满仓沪深300指数,466091.54755278473,满仓沪深300指数,461026.6082581659,满仓沪深300指数,480663.59820658615,5%多IF + 5%空IM
2954,2022-03-03,491964.8557344658,满仓中证1000指数,446869.98595740495,满仓沪深300指数,466091.54755278473,空仓,456568.5534047996,满仓中证1000指数,479755.41492829885,5%多IM + 5%空IF
2955,2022-03-04,485194.30453538336,满仓中证1000指数,441450.7343768499,满仓沪深300指数,460439.19354573,满仓沪深300指数,456568.5534047996,空仓,480147.6469725356,5%多IF + 5%空IM
2956,2022-03-07,485194.30453538336,空仓,427347.2023848495,满仓沪深300指数,450531.0205615839,满仓中证1000指数,456568.5534047996,空仓,480147.6469725356,空仓
2957,2022-03-08,485194.30453538336,空仓,418767.76631185843,满仓沪深300指数,441486.14541501255,满仓沪深300指数,442746.528366928,满仓中证1000指数,482595.84309735516,5%多IF + 5%空IM
2958,2022-03-09,485194.30453538336,空仓,414934.4338447255,满仓沪深300指数,441486.14541501255,空仓,438693.69818649953,满仓沪深300指数,483027.18260295247,5%多IF + 5%空IM
2959,2022-03-10,485194.30453538336,空仓,421462.4003140641,满仓沪深300指数,441486.14541501255,空仓,445595.4578826911,满仓沪深300指数,481265.86928094557,5%多IF + 5%空IM
2960,2022-03-11,485194.30453538336,空仓,422805.8981890635,满仓沪深300指数,441486.14541501255,空仓,448047.44023847656,满仓中证1000指数,481265.86928094557,空仓
2961,2022-03-14,485194.30453538336,空仓,409869.56574959535,满仓沪深300指数,441486.14541501255,空仓,448047.44023847656,空仓,480449.7654073993,5%多IF + 5%空IM
2962,2022-03-15,485194.30453538336,空仓,391122.8894716517,满仓沪深300指数,421293.38522761984,满仓沪深300指数,448047.44023847656,空仓,481017.33076643304,5%多IF + 5%空IM
2963,2022-03-16,485194.30453538336,空仓,408035.9237831082,满仓沪深300指数,421293.38522761984,空仓,448047.44023847656,空仓,483262.93381552387,5%多IF + 5%空IM
2964,2022-03-17,485194.30453538336,空仓,416048.6859754689,满仓沪深300指数,421293.38522761984,空仓,456845.92434311425,满仓沪深300指数,483474.2773201009,5%多IF + 5%空IM
2965,2022-03-18,485194.30453538336,空仓,418817.9058414481,满仓沪深300指数,425051.30247592594,满仓中证1000指数,456845.92434311425,空仓,483474.2773201009,空仓
2966,2022-03-21,485194.30453538336,空仓,418115.3633589009,满仓沪深300指数,424338.30383597664,满仓沪深300指数,456845.92434311425,空仓,480431.9236064089,5%多IF + 5%空IM
2967,2022-03-22,485194.30453538336,空仓,416253.8003542717,满仓中证1000指数,424338.30383597664,空仓,454811.92237595207,满仓中证1000指数,479119.63740407425,7.5%多IM + 7.5%空IF
2968,2022-03-23,488243.47480885213,满仓中证1000指数,418869.7187655029,满仓中证1000指数,426454.6029925166,满仓沪深300指数,454811.92237595207,空仓,479430.37978679047,5%多IM + 5%空IF
2969,2022-03-24,483607.9684779053,满仓中证1000指数,414892.8643202089,满仓中证1000指数,422405.7357489612,满仓中证1000指数,454811.92237595207,空仓,478136.2903237063,7.5%多IM + 7.5%空IF
2970,2022-03-25,483607.9684779053,空仓,410023.3189016393,满仓中证1000指数,414781.7270531594,满仓沪深300指数,454811.92237595207,空仓,478136.2903237063,空仓
2971,2022-03-28,483607.9684779053,空仓,406863.2028365579,满仓中证1000指数,412187.67090924626,满仓沪深300指数,454811.92237595207,空仓,478136.2903237063,空仓
2972,2022-03-29,483607.9684779053,空仓,405458.54488774785,满仓沪深300指数,410764.63072200975,满仓沪深300指数,454811.92237595207,空仓,478779.63370173256,5%多IF + 5%空IM
2973,2022-03-30,493607.87390734715,满仓中证1000指数,417223.1804408,满仓沪深300指数,422683.22570405994,满仓沪深300指数,454811.92237595207,空仓,480775.64704857266,5%多IF + 5%空IM
2974,2022-03-31,486943.4993342559,满仓中证1000指数,414133.5939827691,满仓沪深300指数,422683.22570405994,空仓,451443.9868867515,满仓沪深300指数,482241.1081634882,5%多IF + 5%空IM
2975,2022-04-01,486943.4993342559,空仓,419386.6392780315,满仓沪深300指数,428044.7181365319,满仓沪深300指数,451443.9868867515,空仓,485280.39185044693,5%多IF + 5%空IM
2976,2022-04-06,485540.92384781444,满仓沪深300指数,418178.6522725645,满仓沪深300指数,426811.792695326,满仓沪深300指数,450143.6629880354,满仓沪深300指数,484678.95013845456,7.5%多IF + 7.5%空IM
2977,2022-04-07,479307.30942568457,满仓沪深300指数,412809.8679954843,满仓沪深300指数,421332.1718934456,满仓沪深300指数,450143.6629880354,空仓,487573.3211511428,7.5%多IF + 7.5%空IM
2978,2022-04-08,479307.30942568457,空仓,414934.8812087241,满仓沪深300指数,423501.05520232616,满仓沪深300指数,452460.8586412077,满仓沪深300指数,492122.44622987526,7.5%多IF + 7.5%空IM
2979,2022-04-11,479307.30942568457,空仓,402116.7374827287,满仓沪深300指数,410418.2857376799,满仓沪深300指数,438483.4646473466,满仓沪深300指数,494597.6261696469,7.5%多IF + 7.5%空IM
2980,2022-04-12,479307.30942568457,空仓,409953.2110195459,满仓沪深300指数,418416.5403125652,满仓沪深300指数,438483.4646473466,空仓,496042.3353893854,5%多IF + 5%空IM
2981,2022-04-13,474693.57950590324,满仓沪深300指数,406007.0717510719,满仓沪深300指数,418416.5403125652,空仓,434262.6980527439,满仓沪深300指数,499894.8577231931,7.5%多IF + 7.5%空IM
2982,2022-04-14,474693.57950590324,空仓,411090.4659229139,满仓沪深300指数,423655.30670462264,满仓沪深300指数,439699.86558484833,满仓沪深300指数,500207.93572156643,7.5%多IF + 7.5%空IM
2983,2022-04-15,474374.0796436316,满仓沪深300指数,410813.77512085956,满仓沪深300指数,418017.24846110365,满仓中证1000指数,439699.86558484833,空仓,503368.0145160027,5%多IF + 5%空IM
2984,2022-04-18,474374.0796436316,空仓,408620.5307325917,满仓沪深300指数,415785.5463130519,满仓沪深300指数,437352.40471299127,满仓沪深300指数,498287.0645354247,7.5%多IF + 7.5%空IM
2985,2022-04-19,474374.0796436316,空仓,409896.9966220971,满仓中证1000指数,417084.39457764215,满仓中证1000指数,438718.624431096,满仓中证1000指数,502278.4192956676,7.5%多IM + 7.5%空IF
2986,2022-04-20,474374.0796436316,空仓,402692.5718544317,满仓中证1000指数,409753.6427856933,满仓中证1000指数,431007.62544858456,满仓中证1000指数,501498.2909630945,7.5%多IM + 7.5%空IF
2987,2022-04-21,474374.0796436316,空仓,386358.98241394624,满仓中证1000指数,409753.6427856933,空仓,431007.62544858456,空仓,495944.92718415154,5%多IM + 5%空IF
2988,2022-04-22,474374.0796436316,空仓,388043.3123783978,满仓沪深300指数,411539.9616497586,满仓沪深300指数,432886.60093898064,满仓沪深300指数,503136.8572701862,7.5%多IF + 7.5%空IM
2989,2022-04-25,474374.0796436316,空仓,368865.98998707155,满仓沪深300指数,391201.42141542677,满仓沪深300指数,411493.09758439386,满仓沪深300指数,513962.3286410195,7.5%多IF + 7.5%空IM
2990,2022-04-26,474374.0796436316,空仓,365888.6076886318,满仓沪深300指数,388043.75381021446,满仓沪深300指数,408171.6412887867,满仓沪深300指数,522564.67440528463,7.5%多IF + 7.5%空IM
2991,2022-04-27,474374.0796436316,空仓,376661.5105129079,满仓沪深300指数,399468.9732992077,满仓沪深300指数,420189.48861944576,满仓沪深300指数,513701.39719160093,7.5%多IF + 7.5%空IM
2992,2022-04-28,474374.0796436316,空仓,379134.0037899251,满仓沪深300指数,396094.1281782806,满仓中证1000指数,416639.5897779405,满仓中证1000指数,509845.4107133745,5%多IM + 5%空IF
2993,2022-04-29,474374.0796436316,空仓,388332.5331380889,满仓沪深300指数,405704.14317630784,满仓沪深300指数,426748.0776895203,满仓沪深300指数,502377.6804111925,7.5%多IF + 7.5%空IM
2994,2022-05-05,474374.0796436316,空仓,395269.3002312432,满仓中证1000指数,412951.2185815019,满仓中证1000指数,434371.05997859593,满仓中证1000指数,509673.92226550035,7.5%多IM + 7.5%空IF
2995,2022-05-06,474374.0796436316,空仓,390377.5572225595,满仓中证1000指数,407840.6490653728,满仓中证1000指数,428995.4044582159,满仓中证1000指数,514608.28138006973,7.5%多IM + 7.5%空IF
2996,2022-05-09,474374.0796436316,空仓,395537.60857214016,满仓中证1000指数,413231.52938799304,满仓中证1000指数,434665.9105484943,满仓中证1000指数,522808.21241611696,7.5%多IM + 7.5%空IF
2997,2022-05-10,474374.0796436316,空仓,402971.580051992,满仓中证1000指数,420998.05104729964,满仓中证1000指数,442835.2828464814,满仓中证1000指数,525886.7507626232,7.5%多IM + 7.5%空IF
2998,2022-05-11,474374.0796436316,空仓,406517.3864112561,满仓中证1000指数,420998.05104729964,空仓,446731.8558053511,满仓中证1000指数,523666.7633840345,7.5%多IM + 7.5%空IF
2999,2022-05-12,476866.80375832395,满仓中证1000指数,408653.5395773615,满仓中证1000指数,420998.05104729964,空仓,444745.2452559376,满仓沪深300指数,526207.0056897454,5%多IM + 5%空IF
3000,2022-05-13,479798.1104502946,满仓中证1000指数,411165.5384118782,满仓中证1000指数,423585.93176077236,满仓中证1000指数,447479.100293374,满仓中证1000指数,525656.1296969334,7.5%多IM + 7.5%空IF
3001,2022-05-16,480684.31577472936,满仓中证1000指数,411924.97677028,满仓中证1000指数,420180.93228790304,满仓沪深300指数,447479.100293374,空仓,528254.3289670257,5%多IM + 5%空IF
3002,2022-05-17,483495.5636371908,满仓中证1000指数,414334.0905533531,满仓中证1000指数,420180.93228790304,空仓,450096.1498265347,满仓中证1000指数,525629.1638702387,7.5%多IM + 7.5%空IF
3003,2022-05-18,484234.1391944373,满仓中证1000指数,414967.0167988693,满仓中证1000指数,420180.93228790304,空仓,448524.64774923306,满仓沪深300指数,526948.2448320878,5%多IM + 5%空IF
3004,2022-05-19,488373.54131557693,满仓中证1000指数,415766.56420557573,满仓沪深300指数,420180.93228790304,空仓,452358.7926968925,满仓中证1000指数,528692.8584919366,5%多IM + 5%空IF
3005,2022-05-20,494952.71459830273,满仓中证1000指数,421367.60529331246,满仓中证1000指数,420180.93228790304,空仓,458452.7896712175,满仓中证1000指数,526301.5645211294,7.5%多IM + 7.5%空IF
3006,2022-05-23,501276.4082550145,满仓中证1000指数,426751.14916355815,满仓中证1000指数,420180.93228790304,空仓,455797.42639597406,满仓沪深300指数,531187.8454713336,5%多IM + 5%空IF
3007,2022-05-24,480586.35952839255,满仓中证1000指数,409137.1104317691,满仓中证1000指数,402838.0774878992,满仓中证1000指数,436984.5103953391,满仓中证1000指数,524063.2776200963,7.5%多IM + 7.5%空IF
3008,2022-05-25,489012.29569633683,满仓中证1000指数,416310.3543411846,满仓中证1000指数,405282.5145016018,满仓沪深300指数,439636.14928282023,满仓沪深300指数,524063.2776200963,空仓
3009,2022-05-26,492080.73797228053,满仓中证1000指数,418922.60827102617,满仓中证1000指数,407825.57121437154,满仓中证1000指数,442394.7673346866,满仓中证1000指数,525555.9966636848,7.5%多IM + 7.5%空IF
3010,2022-05-27,490736.90565675095,满仓中证1000指数,417778.56483412936,满仓中证1000指数,406711.8328795699,满仓中证1000指数,442394.7673346866,空仓,523664.7586555594,7.5%多IM + 7.5%空IF
3011,2022-05-30,496447.2032413907,满仓中证1000指数,420672.73655069637,满仓沪深300指数,409529.3395268545,满仓沪深300指数,442394.7673346866,空仓,522431.8833507486,5%多IF + 5%空IM
3012,2022-05-31,502057.11859004974,满仓中证1000指数,425426.3909697961,满仓中证1000指数,409529.3395268545,空仓,447393.88341235445,满仓中证1000指数,520781.4168224043,7.5%多IM + 7.5%空IF
3013,2022-06-01,503635.3078269743,满仓中证1000指数,426763.6956836855,满仓中证1000指数,410816.672724442,满仓中证1000指数,447393.88341235445,空仓,522805.3974053437,7.5%多IM + 7.5%空IF
3014,2022-06-02,509136.5040697038,满仓中证1000指数,431425.22517286695,满仓中证1000指数,410816.672724442,空仓,452280.7559413427,满仓中证1000指数,526474.6180879488,7.5%多IM + 7.5%空IF
3015,2022-06-06,521941.47007852944,满仓中证1000指数,442275.724595969,满仓中证1000指数,421148.85964886483,满仓中证1000指数,463655.77945661196,满仓中证1000指数,529017.5378417958,7.5%多IM + 7.5%空IF
3016,2022-06-07,521377.1706633217,满仓中证1000指数,441797.5561670214,满仓中证1000指数,420693.5326268915,满仓中证1000指数,463154.4958832533,满仓中证1000指数,527346.3588787263,7.5%多IM + 7.5%空IF
3017,2022-06-08,522250.94575417385,满仓中证1000指数,442537.9639207537,满仓中证1000指数,424788.97249511594,满仓沪深300指数,467663.2920507236,满仓沪深300指数,527346.3588787263,空仓
3018,2022-06-09,512885.4482941225,满仓中证1000指数,434601.95497568423,满仓中证1000指数,424788.97249511594,空仓,462771.7263661443,满仓沪深300指数,525375.8352751262,5%多IM + 5%空IF
3019,2022-06-10,523740.9538235547,满仓中证1000指数,441192.15169932024,满仓沪深300指数,431230.3675756573,满仓沪深300指数,469789.0825468366,满仓沪深300指数,523799.23423395056,5%多IF + 5%空IM
3020,2022-06-13,527459.4269858667,满仓中证1000指数,436025.55378719064,满仓沪深300指数,431230.3675756573,空仓,473124.5064479932,满仓中证1000指数,528725.6633938348,5%多IM + 5%空IF
3021,2022-06-14,526704.7150414777,满仓中证1000指数,435401.66941492236,满仓中证1000指数,430613.34436488175,满仓中证1000指数,472447.53927681193,满仓中证1000指数,525038.5564472714,7.5%多IM + 7.5%空IF
3022,2022-06-15,525796.6442012626,满仓中证1000指数,434651.0105571494,满仓中证1000指数,436314.97070049524,满仓沪深300指数,478703.08004763845,满仓沪深300指数,525038.5564472714,空仓
3023,2022-06-16,529194.7049789167,满仓中证1000指数,437460.0253487627,满仓中证1000指数,433443.4341365943,满仓沪深300指数,475552.57298297854,满仓沪深300指数,525038.5564472714,空仓
3024,2022-06-17,535356.449997969,满仓中证1000指数,442553.64610283775,满仓中证1000指数,438490.2872063703,满仓中证1000指数,481089.7291002003,满仓中证1000指数,524158.64688995254,7.5%多IM + 7.5%空IF
3025,2022-06-20,538013.7486545193,满仓沪深300指数,444750.3081758268,满仓沪深300指数,438490.2872063703,空仓,483477.66911815107,满仓沪深300指数,521814.9187820771,7.5%多IF + 7.5%空IM
3026,2022-06-21,537409.0592765717,满仓沪深300指数,440229.9078503326,满仓中证1000指数,438490.2872063703,空仓,478563.64753643505,满仓中证1000指数,519456.32141007535,5%多IM + 5%空IF
3027,2022-06-22,530582.9310908796,满仓沪深300指数,434558.60915105836,满仓中证1000指数,432920.61759067595,满仓沪深300指数,472484.9692062008,满仓沪深300指数,519503.2442665255,5%多IF + 5%空IM
3028,2022-06-23,542765.0359853412,满仓中证1000指数,442012.73632946826,满仓沪深300指数,432920.61759067595,空仓,472484.9692062008,空仓,519503.2442665255,空仓
3029,2022-06-24,549599.6469512794,满仓中证1000指数,447191.4922907139,满仓沪深300指数,438372.0446432576,满仓中证1000指数,478434.59885748307,满仓中证1000指数,519844.52069670253,7.5%多IM + 7.5%空IF
3030,2022-06-27,555251.3069713014,满仓中证1000指数,452227.52623036876,满仓沪深300指数,438372.0446432576,空仓,478434.59885748307,空仓,519844.52069670253,空仓
3031,2022-06-28,561029.9629430927,满仓沪深300指数,457186.4289272239,满仓中证1000指数,443179.01500290784,满仓中证1000指数,478434.59885748307,空仓,519989.61544117617,5%多IM + 5%空IF
3032,2022-06-29,552389.3963265126,满仓沪深300指数,445644.47016523086,满仓中证1000指数,431990.6822097695,满仓中证1000指数,478434.59885748307,空仓,517430.1299406605,5%多IM + 5%空IF
3033,2022-06-30,559956.6108746718,满仓中证1000指数,451749.3797459856,满仓中证1000指数,438210.0054825214,满仓沪深300指数,485322.57019043685,满仓沪深300指数,517430.1299406605,空仓
3034,2022-07-01,557672.7300226861,满仓沪深300指数,451682.94306687574,满仓中证1000指数,438145.5599761803,满仓中证1000指数,485322.57019043685,空仓,518447.2965053949,5%多IM + 5%空IF
3035,2022-07-04,561332.4028512561,满仓沪深300指数,456966.68676968594,满仓中证1000指数,438145.5599761803,空仓,490999.8270216644,满仓中证1000指数,519778.5399791748,5%多IM + 5%空IF
3036,2022-07-05,560521.8722907057,满仓沪深300指数,454362.9540149783,满仓中证1000指数,435649.0673895891,满仓中证1000指数,488202.1781575659,满仓中证1000指数,518120.21744004166,7.5%多IM + 7.5%空IF
3037,2022-07-06,552335.6010246173,满仓沪深300指数,449066.2432775985,满仓中证1000指数,430570.51273943187,满仓中证1000指数,488202.1781575659,空仓,518883.74195186415,5%多IM + 5%空IF
3038,2022-07-07,559316.177064493,满仓中证1000指数,454741.67149972555,满仓中证1000指数,430570.51273943187,空仓,488202.1781575659,空仓,522086.40495405934,7.5%多IM + 7.5%空IF
3039,2022-07-08,556053.1780949169,满仓中证1000指数,452088.7505466528,满仓中证1000指数,430570.51273943187,空仓,485354.0516960113,满仓中证1000指数,521096.78347241716,7.5%多IM + 7.5%空IF
3040,2022-07-11,547542.5152972246,满仓中证1000指数,444518.0791311624,满仓沪深300指数,423360.1854105436,满仓沪深300指数,485354.0516960113,空仓,520721.46316061117,5%多IF + 5%空IM
3041,2022-07-12,547542.5152972246,空仓,440332.98390483786,满仓沪深300指数,419374.28973124834,满仓沪深300指数,485354.0516960113,空仓,522578.77464247105,5%多IF + 5%空IM
3042,2022-07-13,547542.5152972246,空仓,441133.62581898144,满仓沪深300指数,420136.8231919386,满仓沪深300指数,486236.55382778705,满仓沪深300指数,520091.7276398177,7.5%多IF + 7.5%空IM
3043,2022-07-14,547542.5152972246,空仓,441196.1496510946,满仓沪深300指数,420136.8231919386,空仓,492352.5579704042,满仓中证1000指数,520091.7276398177,空仓
3044,2022-07-15,547542.5152972246,空仓,436857.59692418313,满仓中证1000指数,416005.3597569635,满仓中证1000指数,487510.9528596761,满仓中证1000指数,522893.57652454526,7.5%多IM + 7.5%空IF
3045,2022-07-18,547542.5152972246,空仓,443303.57710134715,满仓中证1000指数,422143.65818983415,满仓中证1000指数,494704.34027106455,满仓中证1000指数,524613.2567343161,7.5%多IM + 7.5%空IF
3046,2022-07-19,547542.5152972246,空仓,446834.74077909294,满仓中证1000指数,425506.27114761295,满仓中证1000指数,494704.34027106455,空仓,529878.0968137846,7.5%多IM + 7.5%空IF
3047,2022-07-20,547542.5152972246,空仓,453259.3524181147,满仓中证1000指数,431624.2210127583,满仓中证1000指数,501817.22334017965,满仓中证1000指数,534245.8154768562,7.5%多IM + 7.5%空IF
3048,2022-07-21,544861.8295923051,满仓中证1000指数,451040.26288131636,满仓中证1000指数,429511.0538214621,满仓中证1000指数,499360.40177928185,满仓中证1000指数,536749.931872946,7.5%多IM + 7.5%空IF
3049,2022-07-22,541727.8068977931,满仓中证1000指数,448445.8979556866,满仓中证1000指数,427040.52401535056,满仓中证1000指数,496488.1014144574,满仓中证1000指数,534227.5904640962,7.5%多IM + 7.5%空IF
3050,2022-07-25,535128.9998548994,满仓中证1000指数,442983.36139746057,满仓中证1000指数,424462.099428197,满仓沪深300指数,493490.3598514806,满仓沪深300指数,534227.5904640962,空仓
3051,2022-07-26,541174.9895923828,满仓中证1000指数,446488.37823643157,满仓沪深300指数,427820.5705032899,满仓沪深300指数,497395.0031674117,满仓沪深300指数,533323.171977098,5%多IF + 5%空IM
3052,2022-07-27,546720.7669197454,满仓中证1000指数,444286.40824660996,满仓沪深300指数,432204.7302773097,满仓中证1000指数,497395.0031674117,空仓,537370.9380942897,5%多IM + 5%空IF
3053,2022-07-28,550630.0938219973,满仓中证1000指数,444353.45549402095,满仓沪深300指数,435295.21024731896,满仓中证1000指数,500951.6261906842,满仓中证1000指数,540191.9703338813,7.5%多IM + 7.5%空IF
3054,2022-07-29,548106.9763739245,满仓中证1000指数,442317.3227630867,满仓中证1000指数,433300.5845405872,满仓中证1000指数,498656.14724236017,满仓中证1000指数,543663.5119783308,7.5%多IM + 7.5%空IF
3055,2022-08-01,552960.1110286139,满仓中证1000指数,446233.75809414603,满仓中证1000指数,433300.5845405872,空仓,503071.42661896267,满仓中证1000指数,545457.4667461459,7.5%多IM + 7.5%空IF
3056,2022-08-02,535827.7108422394,满仓中证1000指数,432408.06765488914,满仓中证1000指数,419875.60348448507,满仓中证1000指数,487484.73088582256,满仓中证1000指数,540757.3983162965,7.5%多IM + 7.5%空IF
3057,2022-08-03,535827.7108422394,空仓,429840.73906110175,满仓中证1000指数,415781.29332371923,满仓沪深300指数,482731.1475141758,满仓沪深300指数,539726.1837534817,5%多IF + 5%空IM
3058,2022-08-04,535827.7108422394,空仓,433493.5407807562,满仓沪深300指数,415781.29332371923,空仓,485776.98631851224,满仓中证1000指数,539726.1837534817,空仓
3059,2022-08-05,535827.7108422394,空仓,439346.0898325811,满仓沪深300指数,415781.29332371923,空仓,485776.98631851224,空仓,538341.2398225693,5%多IF + 5%空IM
3060,2022-08-08,542334.9013553335,满仓中证1000指数,438412.1555651859,满仓沪深300指数,420830.6180090464,满仓中证1000指数,491676.3516049447,满仓中证1000指数,544102.8052221317,7.5%多IM + 7.5%空IF
3061,2022-08-09,544699.7295778581,满仓中证1000指数,440323.83308397996,满仓中证1000指数,422665.63198266906,满仓中证1000指数,493820.28538039885,满仓中证1000指数,545073.928871434,7.5%多IM + 7.5%空IF
3062,2022-08-10,545053.3530598072,满仓中证1000指数,440609.6948874381,满仓中证1000指数,422940.02993876446,满仓中证1000指数,493820.28538039885,空仓,549918.2392677297,7.5%多IM + 7.5%空IF
3063,2022-08-11,551281.580738901,满仓中证1000指数,445644.4634692102,满仓中证1000指数,427772.89040329284,满仓中证1000指数,499463.0819114877,满仓中证1000指数,546220.6795133887,7.5%多IM + 7.5%空IF
3064,2022-08-12,546319.9389462016,满仓中证1000指数,441633.5763438498,满仓中证1000指数,427529.010830542,满仓沪深300指数,499178.33071347105,满仓沪深300指数,546220.6795133887,空仓
3065,2022-08-15,550451.2899437189,满仓中证1000指数,444973.27381065785,满仓中证1000指数,426970.76449047343,满仓沪深300指数,498526.5282179609,满仓沪深300指数,546220.6795133887,空仓
3066,2022-08-16,553558.923217863,满仓中证1000指数,447485.41934844037,满仓中证1000指数,429381.27488268807,满仓中证1000指数,501341.01454115956,满仓中证1000指数,549301.0513569952,7.5%多IM + 7.5%空IF
3067,2022-08-17,553865.2820280566,满仓中证1000指数,447733.0733829082,满仓中证1000指数,429618.9094523338,满仓中证1000指数,501618.47413990146,满仓中证1000指数,545671.2788714723,7.5%多IM + 7.5%空IF
3068,2022-08-18,555585.6586428736,满仓中证1000指数,449123.7897432255,满仓中证1000指数,425863.75677345676,满仓沪深300指数,497233.997769106,满仓沪深300指数,545671.2788714723,空仓
3069,2022-08-19,546740.9451933203,满仓中证1000指数,441973.908960918,满仓中证1000指数,425863.75677345676,空仓,489318.2206801395,满仓中证1000指数,541997.8952233591,7.5%多IM + 7.5%空IF
3070,2022-08-22,550834.9545305974,满仓中证1000指数,445202.4331681362,满仓沪深300指数,428974.59978894703,满仓沪深300指数,492892.58488687023,满仓沪深300指数,541948.2375320407,5%多IF + 5%空IM
3071,2022-08-23,552153.3093651091,满仓中证1000指数,443039.53585192526,满仓沪深300指数,430001.2970471056,满仓中证1000指数,492892.58488687023,空仓,543913.2358299113,5%多IM + 5%空IF
3072,2022-08-24,532004.1848119864,满仓中证1000指数,434664.13544208166,满仓沪深300指数,430001.2970471056,空仓,474905.99689445976,满仓中证1000指数,539130.2005574462,5%多IM + 5%空IF
3073,2022-08-25,532004.1848119864,空仓,438265.0354787057,满仓沪深300指数,433563.568603535,满仓沪深300指数,478840.2736892797,满仓沪深300指数,543807.0900037343,7.5%多IF + 7.5%空IM
3074,2022-08-26,532004.1848119864,空仓,437339.3556312655,满仓沪深300指数,432647.81894168444,满仓沪深300指数,477828.8930049575,满仓沪深300指数,545045.5963887988,7.5%多IF + 7.5%空IM
3075,2022-08-29,532004.1848119864,空仓,435420.1944472315,满仓沪深300指数,432647.81894168444,空仓,477828.8930049575,空仓,542243.7055447176,5%多IF + 5%空IM
3076,2022-08-30,532004.1848119864,空仓,433958.67202054645,满仓沪深300指数,429900.03384165355,满仓中证1000指数,474794.1588514953,满仓中证1000指数,541431.8283505106,5%多IM + 5%空IF
3077,2022-08-31,532004.1848119864,空仓,434283.0395404998,满仓沪深300指数,430221.36768470315,满仓沪深300指数,474794.1588514953,空仓,550402.7783955394,5%多IF + 5%空IM
3078,2022-09-01,532004.1848119864,空仓,430545.79122025444,满仓沪深300指数,426519.0723212588,满仓沪深300指数,470708.2897037904,满仓沪深300指数,548907.6138006967,7.5%多IF + 7.5%空IM
3079,2022-09-02,532004.1848119864,空仓,428402.88938090124,满仓沪深300指数,424396.21216739214,满仓沪深300指数,470708.2897037904,空仓,545101.2375356934,5%多IF + 5%空IM
3080,2022-09-05,532004.1848119864,空仓,427531.2335215208,满仓沪深300指数,425289.5711780477,满仓中证1000指数,471699.13618154183,满仓中证1000指数,546229.5086721007,5%多IM + 5%空IF
3081,2022-09-06,532004.1848119864,空仓,431455.1382340951,满仓沪深300指数,429192.9017927694,满仓沪深300指数,471699.13618154183,空仓,543566.1514840644,5%多IF + 5%空IM
3082,2022-09-07,532004.1848119864,空仓,434190.7285340232,满仓中证1000指数,431914.14864996925,满仓中证1000指数,474689.888793051,满仓中证1000指数,545879.0523436866,7.5%多IM + 7.5%空IF
3083,2022-09-08,532004.1848119864,空仓,430049.2957750446,满仓中证1000指数,431914.14864996925,空仓,470162.1637021883,满仓中证1000指数,543720.5866957182,7.5%多IM + 7.5%空IF
3084,2022-09-09,532004.1848119864,空仓,431076.8225291595,满仓中证1000指数,437915.5831453203,满仓沪深300指数,470162.1637021883,空仓,543720.5866957182,空仓
3085,2022-09-13,532004.1848119864,空仓,430484.38315307646,满仓中证1000指数,439769.0763435057,满仓沪深300指数,472152.14169339614,满仓沪深300指数,545244.8692274612,5%多IF + 5%空IM
3086,2022-09-14,526083.1340900557,满仓沪深300指数,425693.2180825438,满仓沪深300指数,439769.0763435057,空仓,466897.2266772243,满仓沪深300指数,545107.4088862204,7.5%多IF + 7.5%空IM
3087,2022-09-15,526083.1340900557,空仓,421688.97665226326,满仓沪深300指数,439769.0763435057,空仓,466897.2266772243,空仓,550939.0602858933,5%多IF + 5%空IM
3088,2022-09-16,526083.1340900557,空仓,411800.36294241797,满仓沪深300指数,429456.4839868825,满仓沪深300指数,455948.4787316112,满仓沪深300指数,549860.6340482981,7.5%多IF + 7.5%空IM
3089,2022-09-19,526083.1340900557,空仓,411310.0474515421,满仓沪深300指数,429456.4839868825,空仓,455948.4787316112,空仓,552988.0372026357,5%多IF + 5%空IM
3090,2022-09-20,526083.1340900557,空仓,411816.4362852581,满仓沪深300指数,429985.2140030962,满仓沪深300指数,456509.82465498475,满仓沪深300指数,548163.2365367406,7.5%多IF + 7.5%空IM
3091,2022-09-21,526083.1340900557,空仓,408769.1713211097,满仓沪深300指数,429985.2140030962,空仓,456402.1434789034,满仓中证1000指数,548163.2365367406,空仓
3092,2022-09-22,526083.1340900557,空仓,409190.0445932807,满仓中证1000指数,430427.9315481052,满仓中证1000指数,456872.0601874728,满仓中证1000指数,552208.4051083492,7.5%多IM + 7.5%空IF
3093,2022-09-23,526083.1340900557,空仓,401394.42453440157,满仓中证1000指数,422227.7012115791,满仓中证1000指数,448168.03367509996,满仓中证1000指数,545744.180717299,7.5%多IM + 7.5%空IF
3094,2022-09-26,526083.1340900557,空仓,399380.8117439036,满仓沪深300指数,420109.5773720455,满仓沪深300指数,445919.7790164876,满仓沪深300指数,548842.2713861596,7.5%多IF + 7.5%空IM
3095,2022-09-27,526083.1340900557,空仓,405170.36359736,满仓沪深300指数,420109.5773720455,空仓,452383.9746092223,满仓沪深300指数,547309.6000244283,5%多IF + 5%空IM
3096,2022-09-28,526083.1340900557,空仓,398551.4309102407,满仓沪深300指数,420109.5773720455,空仓,438362.6231851955,满仓中证1000指数,547309.6000244283,空仓
3097,2022-09-29,526083.1340900557,空仓,398388.3757313452,满仓沪深300指数,419937.70233414223,满仓沪深300指数,438183.2804695482,满仓沪深300指数,545973.9017114212,7.5%多IF + 7.5%空IM
3098,2022-09-30,526083.1340900557,空仓,396071.4078576393,满仓沪深300指数,412931.8692895842,满仓中证1000指数,430873.0559080876,满仓中证1000指数,543007.3041105926,5%多IM + 5%空IF
3099,2022-10-10,526083.1340900557,空仓,387332.7162066822,满仓沪深300指数,403821.17811878404,满仓沪深300指数,421366.52071875695,满仓沪深300指数,543354.90036494,7.5%多IF + 7.5%空IM
3100,2022-10-11,526083.1340900557,空仓,388035.3815977574,满仓沪深300指数,404553.75544616854,满仓沪深300指数,421366.52071875695,空仓,542339.7344045694,5%多IF + 5%空IM
3101,2022-10-12,526083.1340900557,空仓,393929.2371343427,满仓沪深300指数,416314.05896833347,满仓中证1000指数,421366.52071875695,空仓,542339.7344045694,空仓
3102,2022-10-13,526083.1340900557,空仓,390636.33238358336,满仓沪深300指数,420318.71613356256,满仓中证1000指数,425419.7791183547,满仓中证1000指数,547214.9470035243,5%多IM + 5%空IF
3103,2022-10-14,526083.1340900557,空仓,400272.8602899263,满仓中证1000指数,420318.71613356256,空仓,435914.37276859087,满仓中证1000指数,547518.656049826,7.5%多IM + 7.5%空IF
3104,2022-10-17,531502.3889931536,满仓中证1000指数,404396.1262152922,满仓中证1000指数,424648.47718399134,满仓中证1000指数,435914.37276859087,空仓,551327.4186053745,7.5%多IM + 7.5%空IF
3105,2022-10-18,534462.9515194049,满仓中证1000指数,406648.68432571227,满仓中证1000指数,427013.84447944636,满仓中证1000指数,438342.49309956015,满仓中证1000指数,554506.2845056105,7.5%多IM + 7.5%空IF
3106,2022-10-19,530574.0573202687,满仓中证1000指数,403689.80063683377,满仓中证1000指数,427013.84447944636,空仓,435152.9968514037,满仓中证1000指数,558169.0821778205,7.5%多IM + 7.5%空IF
3107,2022-10-20,527992.1145822661,满仓中证1000指数,401725.31719709624,满仓中证1000指数,424935.85879663937,满仓中证1000指数,433035.40345489426,满仓中证1000指数,558526.9910602361,7.5%多IM + 7.5%空IF
3108,2022-10-21,528207.3695437546,满仓中证1000指数,401889.0949606158,满仓中证1000指数,425109.0991716263,满仓中证1000指数,433035.40345489426,空仓,560040.2676945002,7.5%多IM + 7.5%空IF
3109,2022-10-24,523781.7873171873,满仓中证1000指数,398521.8696277978,满仓中证1000指数,425109.0991716263,空仓,433035.40345489426,空仓,568811.4174750263,7.5%多IM + 7.5%空IF
3110,2022-10-25,521921.50258363213,满仓中证1000指数,397106.46312072215,满仓中证1000指数,423599.26437699754,满仓中证1000指数,431497.4172750728,满仓中证1000指数,567991.2417937514,7.5%多IM + 7.5%空IF
3111,2022-10-26,533082.3733850669,满仓中证1000指数,405598.2648713023,满仓中证1000指数,427038.139756046,满仓沪深300指数,431497.4172750728,空仓,571758.7181394667,5%多IM + 5%空IF
3112,2022-10-27,530612.1270567146,满仓中证1000指数,403718.7661772784,满仓中证1000指数,427038.139756046,空仓,429497.90469702834,满仓中证1000指数,572792.0630936421,7.5%多IM + 7.5%空IF
3113,2022-10-28,512408.43713038944,满仓中证1000指数,389868.40192402375,满仓中证1000指数,412387.7586463001,满仓中证1000指数,429497.90469702834,空仓,568679.8791306285,7.5%多IM + 7.5%空IF
3114,2022-10-31,512408.43713038944,空仓,386276.56290762796,满仓沪深300指数,408588.44986908237,满仓沪深300指数,425540.96095924976,满仓沪深300指数,561149.1836554685,7.5%多IF + 7.5%空IM
3115,2022-11-01,512408.43713038944,空仓,395312.728173853,满仓中证1000指数,408588.44986908237,空仓,435495.6380482025,满仓中证1000指数,555944.554063214,7.5%多IM + 7.5%空IF
3116,2022-11-02,512408.43713038944,空仓,400511.55933656846,满仓中证1000指数,408588.44986908237,空仓,440724.2006631476,满仓沪深300指数,555944.554063214,空仓
3117,2022-11-03,515732.6804279011,满仓中证1000指数,403109.87304536824,满仓中证1000指数,408588.44986908237,空仓,440724.2006631476,空仓,562040.3391477959,7.5%多IM + 7.5%空IF
3118,2022-11-04,526947.8636976642,满仓中证1000指数,411875.94755572063,满仓中证1000指数,417473.662152679,满仓中证1000指数,450308.24074716173,满仓中证1000指数,557423.8958302329,7.5%多IM + 7.5%空IF
3119,2022-11-07,527261.4496251451,满仓中证1000指数,412121.05434885767,满仓中证1000指数,417473.662152679,空仓,451279.1616823021,满仓沪深300指数,556988.8190678154,5%多IM + 5%空IF
3120,2022-11-08,525794.2972328865,满仓中证1000指数,410974.29045929597,满仓中证1000指数,414601.66938860505,满仓沪深300指数,451279.1616823021,空仓,558129.7740856663,5%多IM + 5%空IF
3121,2022-11-09,524306.1757598502,满仓中证1000指数,409811.13659909443,满仓中证1000指数,410725.30850970536,满仓沪深300指数,451279.1616823021,空仓,559949.1006639942,5%多IM + 5%空IF
3122,2022-11-10,518596.67203631246,满仓中证1000指数,406657.57488609647,满仓沪深300指数,407564.7120988211,满仓沪深300指数,451279.1616823021,空仓,560843.4731926341,5%多IF + 5%空IM
3123,2022-11-11,521751.7019201774,满仓中证1000指数,417994.43831095216,满仓沪深300指数,418926.86483666,满仓沪深300指数,451279.1616823021,空仓,566955.0890514584,5%多IF + 5%空IM
3124,2022-11-14,522519.9708363384,满仓沪深300指数,418609.9267375364,满仓沪深300指数,419543.7262426014,满仓沪深300指数,451943.66119644983,满仓沪深300指数,570385.6692148248,7.5%多IF + 7.5%空IM
3125,2022-11-15,532429.8328033586,满仓沪深300指数,426549.0808819293,满仓沪深300指数,427500.5903784139,满仓沪深300指数,460515.0068852242,满仓沪深300指数,568591.3831967192,7.5%多IF + 7.5%空IM
3126,2022-11-16,528080.1972988341,满仓沪深300指数,423064.42823416623,满仓沪深300指数,424305.23444114893,满仓中证1000指数,457072.88447751524,满仓中证1000指数,568591.3831967192,空仓
3127,2022-11-17,525914.3934574716,满仓沪深300指数,421329.3232851448,满仓沪深300指数,424305.23444114893,空仓,457072.88447751524,空仓,566896.7572912739,5%多IF + 5%空IM
3128,2022-11-18,523559.9792115696,满仓沪深300指数,419443.11561846116,满仓沪深300指数,424305.23444114893,空仓,453253.81430533616,满仓中证1000指数,567996.1667109898,5%多IF + 5%空IM
3129,2022-11-21,519092.0404303023,满仓沪深300指数,421391.2165784724,满仓中证1000指数,424305.23444114893,空仓,453253.81430533616,空仓,567996.1667109898,空仓
3130,2022-11-22,519092.0404303023,空仓,414707.9834339932,满仓中证1000指数,417575.78519154637,满仓中证1000指数,446065.2427465292,满仓中证1000指数,561189.4986568635,7.5%多IM + 7.5%空IF
3131,2022-11-23,519636.80459201813,满仓沪深300指数,415143.2011398262,满仓沪深300指数,418014.0125286177,满仓沪深300指数,446533.36851057276,满仓沪深300指数,562605.5470065324,7.5%多IF + 7.5%空IM
3132,2022-11-24,517334.2946916215,满仓沪深300指数,413303.7022393254,满仓沪深300指数,416161.7930671665,满仓沪深300指数,444554.7798256157,满仓沪深300指数,559523.9571138413,7.5%多IF + 7.5%空IM
3133,2022-11-25,519946.3259282894,满仓沪深300指数,415390.48092683364,满仓沪深300指数,411442.4719076492,满仓中证1000指数,439513.4790287956,满仓中证1000指数,559523.9571138413,空仓
3134,2022-11-28,519946.3259282894,空仓,410711.12048701994,满仓沪深300指数,406807.5856627646,满仓沪深300指数,434562.37378935114,满仓沪深300指数,556050.0418763477,7.5%多IF + 7.5%空IM
3135,2022-11-29,519946.3259282894,空仓,423382.6006078112,满仓沪深300指数,406807.5856627646,空仓,441363.24530219863,满仓中证1000指数,556050.0418763477,空仓
3136,2022-11-30,519946.3259282894,空仓,423890.2189132925,满仓沪深300指数,407295.331207798,满仓沪深300指数,441892.42166032107,满仓沪深300指数,556804.0195559353,7.5%多IF + 7.5%空IM
3137,2022-12-01,525577.8594117912,满仓沪深300指数,428481.36965731834,满仓沪深300指数,407295.331207798,空仓,441892.42166032107,空仓,556941.7248197307,5%多IF + 5%空IM
3138,2022-12-02,522363.35847589164,满仓沪深300指数,425860.72318389104,满仓沪深300指数,407295.331207798,空仓,441892.42166032107,空仓,554313.6609910992,5%多IF + 5%空IM
3139,2022-12-05,532609.4427342982,满仓沪深300指数,434213.9217405802,满仓沪深300指数,407295.331207798,空仓,444129.8498850947,满仓中证1000指数,558346.7288579438,5%多IF + 5%空IM
3140,2022-12-06,535486.7307022277,满仓沪深300指数,436559.6527627673,满仓沪深300指数,409495.6413447376,满仓沪深300指数,446529.14920414594,满仓沪深300指数,561283.4566285718,7.5%多IF + 7.5%空IM
3141,2022-12-07,534170.0766030302,满仓沪深300指数,435486.24043824425,满仓沪深300指数,409495.6413447376,空仓,445431.2238943259,满仓沪深300指数,560139.447921264,7.5%多IF + 7.5%空IM
3142,2022-12-08,534269.7871404799,满仓沪深300指数,435567.5302165152,满仓沪深300指数,409495.6413447376,空仓,445431.2238943259,空仓,561985.3995782324,5%多IF + 5%空IM
3143,2022-12-09,539541.3155193554,满仓沪深300指数,439865.1840455709,满仓沪深300指数,413536.04929280485,满仓沪深300指数,449826.20072834025,满仓沪深300指数,565003.4176705233,7.5%多IF + 7.5%空IM
3144,2022-12-12,533495.6776560025,满仓沪深300指数,434936.43153868115,满仓沪深300指数,408902.3185189912,满仓沪深300指数,444785.83360013674,满仓沪深300指数,561822.0860457927,7.5%多IF + 7.5%空IM
3145,2022-12-13,532448.2379595825,满仓沪深300指数,430884.43671789026,满仓中证1000指数,408902.3185189912,空仓,440642.07887319196,满仓中证1000指数,559756.5639286133,5%多IM + 5%空IF
3146,2022-12-14,533690.321693379,满仓沪深300指数,429339.00358514156,满仓中证1000指数,409856.19700395036,满仓沪深300指数,441669.9991846424,满仓沪深300指数,561413.2843250155,5%多IF + 5%空IM
3147,2022-12-15,533299.3603060473,满仓沪深300指数,431138.1838575172,满仓中证1000指数,409856.19700395036,空仓,441346.448412584,满仓沪深300指数,560031.3250496375,5%多IF + 5%空IM
3148,2022-12-16,533601.4337098654,满仓沪深300指数,426033.546833652,满仓中证1000指数,405003.5367756966,满仓中证1000指数,436120.94646153715,满仓中证1000指数,554820.3736819988,7.5%多IM + 7.5%空IF
3149,2022-12-19,525368.9652285834,满仓沪深300指数,419460.6489276396,满仓沪深300指数,398755.0924487525,满仓沪深300指数,429392.4189146572,满仓沪深300指数,556612.8520249716,7.5%多IF + 7.5%空IM
3150,2022-12-20,525368.9652285834,空仓,412543.29132000107,满仓沪深300指数,398755.0924487525,空仓,422311.2757293902,满仓沪深300指数,554165.270939121,5%多IF + 5%空IM
3151,2022-12-21,525368.9652285834,空仓,409131.408279922,满仓中证1000指数,395457.2428274003,满仓中证1000指数,418818.6079061299,满仓中证1000指数,550562.8006063033,7.5%多IM + 7.5%空IF
3152,2022-12-22,525368.9652285834,空仓,409717.7404203055,满仓沪深300指数,396023.97832344053,满仓沪深300指数,419418.82291244896,满仓沪深300指数,557865.2018929013,7.5%多IF + 7.5%空IM
3153,2022-12-23,525368.9652285834,空仓,408883.65688950487,满仓沪深300指数,395217.77189024363,满仓沪深300指数,418564.9903877938,满仓沪深300指数,558784.0774986813,7.5%多IF + 7.5%空IM
3154,2022-12-26,525368.9652285834,空仓,410514.60143017134,满仓沪深300指数,396794.2063027664,满仓沪深300指数,418564.9903877938,空仓,554693.2260811186,5%多IF + 5%空IM
3155,2022-12-27,525368.9652285834,空仓,415253.16185493075,满仓沪深300指数,399962.19311124587,满仓中证1000指数,421906.7941414204,满仓中证1000指数,553706.1433088019,5%多IM + 5%空IF
3156,2022-12-28,525368.9652285834,空仓,413481.26305062673,满仓沪深300指数,398255.54136999266,满仓沪深300指数,420106.50407083426,满仓沪深300指数,555686.8428259133,7.5%多IF + 7.5%空IM
3157,2022-12-29,525368.9652285834,空仓,413043.498877077,满仓中证1000指数,396757.30368107365,满仓沪深300指数,418526.0630414547,满仓沪深300指数,554935.7562341256,5%多IF + 5%空IM
3158,2022-12-30,525368.9652285834,空仓,414349.00127192447,满仓中证1000指数,396757.30368107365,空仓,418526.0630414547,空仓,554738.3937617881,5%多IM + 5%空IF
3159,2023-01-03,500000.0,空仓,502100.58606265904,满仓沪深300指数,502100.58606265904,满仓沪深300指数,500000.0,空仓,495395.6856353308,5%多IF + 5%空IM
3160,2023-01-04,499811.27702808974,满仓中证1000指数,501911.0702330598,满仓中证1000指数,501911.0702330598,满仓中证1000指数,499811.27702808974,满仓中证1000指数,494772.9873329228,7.5%多IM + 7.5%空IF
3161,2023-01-05,509521.39380856254,满仓沪深300指数,511661.9808854843,满仓沪深300指数,511661.9808854843,满仓沪深300指数,499811.27702808974,空仓,498272.5605596533,7.5%多IF + 7.5%空IM
3162,2023-01-06,511101.9382137654,满仓沪深300指数,512833.66918489017,满仓中证1000指数,511661.9808854843,空仓,501361.7004787306,满仓沪深300指数,498474.87222788436,5%多IF + 5%空IM
3163,2023-01-09,513887.62103142217,满仓中证1000指数,515628.7905369182,满仓中证1000指数,514450.7161299293,满仓中证1000指数,501361.7004787306,空仓,497485.63535151095,7.5%多IM + 7.5%空IF
3164,2023-01-10,514237.62998066714,满仓中证1000指数,515979.9853970202,满仓中证1000指数,514450.7161299293,空仓,501361.7004787306,空仓,497334.9471108565,7.5%多IM + 7.5%空IF
3165,2023-01-11,513284.94973476534,满仓沪深300指数,511775.27998434834,满仓中证1000指数,514450.7161299293,空仓,501361.7004787306,空仓,497334.9471108565,空仓
3166,2023-01-12,514288.2540787558,满仓沪深300指数,511985.55509624985,满仓中证1000指数,515456.2991662698,满仓沪深300指数,502341.6987667394,满仓沪深300指数,497718.8397834669,5%多IF + 5%空IM
3167,2023-01-13,521521.2920934036,满仓沪深300指数,519186.20755835064,满仓沪深300指数,515456.2991662698,空仓,502341.6987667394,空仓,500147.2943609805,5%多IF + 5%空IM
3168,2023-01-16,529660.4566637513,满仓沪深300指数,527288.9294414972,满仓沪深300指数,523500.8099299554,满仓沪深300指数,510181.53544991405,满仓沪深300指数,501725.64443891856,7.5%多IF + 7.5%空IM
3169,2023-01-17,529568.0276846619,满仓沪深300指数,527196.9143083676,满仓沪深300指数,523952.61271183525,满仓中证1000指数,510092.50566134177,满仓沪深300指数,501465.3623887445,5%多IF + 5%空IM
3170,2023-01-18,528681.2547664614,满仓沪深300指数,528436.329497838,满仓中证1000指数,525184.4007005978,满仓中证1000指数,510092.50566134177,空仓,502474.6803522717,5%多IM + 5%空IF
3171,2023-01-19,531970.0163387264,满仓沪深300指数,533476.5918315236,满仓中证1000指数,525184.4007005978,空仓,510092.50566134177,空仓,502474.6803522717,空仓
3172,2023-01-20,535236.4546677382,满仓沪深300指数,538332.7366351612,满仓中证1000指数,529965.0631278991,满仓中证1000指数,514735.7891880613,满仓中证1000指数,503591.1383895435,7.5%多IM + 7.5%空IF
3173,2023-01-30,537773.2019829093,满仓沪深300指数,542296.3257444372,满仓中证1000指数,529965.0631278991,空仓,514735.7891880613,空仓,503591.1383895435,空仓
3174,2023-01-31,532078.8293495611,满仓沪深300指数,543800.4143782135,满仓中证1000指数,529965.0631278991,空仓,514735.7891880613,空仓,503591.1383895435,空仓
3175,2023-02-01,540792.2778866191,满仓中证1000指数,552705.818359251,满仓中证1000指数,538643.8961302356,满仓中证1000指数,523165.2240046183,满仓中证1000指数,506225.9312946812,7.5%多IM + 7.5%空IF
3176,2023-02-02,542082.7650348638,满仓中证1000指数,554024.7346687444,满仓中证1000指数,539929.2566168036,满仓中证1000指数,524413.6478922983,满仓中证1000指数,508469.6553798346,7.5%多IM + 7.5%空IF
3177,2023-02-03,541445.5707329094,满仓中证1000指数,553373.5031099434,满仓中证1000指数,539294.593668697,满仓中证1000指数,523797.2228556479,满仓中证1000指数,511625.67658700264,7.5%多IM + 7.5%空IF
3178,2023-02-06,538813.5877413028,满仓中证1000指数,550683.5380849834,满仓中证1000指数,539294.593668697,空仓,521251.02900694654,满仓中证1000指数,514833.3251434946,7.5%多IM + 7.5%空IF
3179,2023-02-07,541386.5635866725,满仓中证1000指数,553313.1960486495,满仓中证1000指数,539294.593668697,空仓,523740.1390396595,满仓中证1000指数,515982.22173244844,7.5%多IM + 7.5%空IF
3180,2023-02-08,537743.3511972039,满仓中证1000指数,549589.7244542565,满仓中证1000指数,535665.4590034205,满仓中证1000指数,523740.1390396595,空仓,515088.1220151633,7.5%多IM + 7.5%空IF
3181,2023-02-09,547239.6471602713,满仓中证1000指数,556967.050427934,满仓沪深300指数,535665.4590034205,空仓,523740.1390396595,空仓,515088.1220151633,空仓
3182,2023-02-10,545379.7844441992,满仓中证1000指数,555074.1279093502,满仓中证1000指数,533844.9326204037,满仓中证1000指数,521960.1423552728,满仓中证1000指数,516070.78540586994,7.5%多IM + 7.5%空IF
3183,2023-02-13,551383.0872175654,满仓中证1000指数,561184.1417869234,满仓中证1000指数,538689.5155125919,满仓沪深300指数,521960.1423552728,空仓,516569.4842043115,5%多IM + 5%空IF
3184,2023-02-14,552108.0611976434,满仓中证1000指数,561922.0024690148,满仓中证1000指数,538689.5155125919,空仓,521960.1423552728,空仓,516918.41834217357,7.5%多IM + 7.5%空IF
3185,2023-02-15,552276.615067866,满仓中证1000指数,562093.5524515924,满仓中证1000指数,538853.9728155537,满仓中证1000指数,521960.1423552728,空仓,519057.00344910444,7.5%多IM + 7.5%空IF
3186,2023-02-16,541455.5316583507,满仓中证1000指数,551080.1199630884,满仓中证1000指数,538853.9728155537,空仓,511733.0675837385,满仓中证1000指数,514280.5207610678,7.5%多IM + 7.5%空IF
3187,2023-02-17,541455.5316583507,空仓,543139.9380694154,满仓沪深300指数,531089.9501203231,满仓沪深300指数,504359.81369482254,满仓沪深300指数,511878.5825392885,7.5%多IF + 7.5%空IM
3188,2023-02-20,541455.5316583507,空仓,556465.3340183999,满仓沪深300指数,544119.7116492485,满仓沪深300指数,511028.25812202366,满仓中证1000指数,514773.87014910346,5%多IF + 5%空IM
3189,2023-02-21,542878.6325888422,满仓沪深300指数,557927.8850282722,满仓沪深300指数,545549.8148113219,满仓沪深300指数,512371.38742280577,满仓沪深300指数,514062.4962216166,7.5%多IF + 7.5%空IM
3190,2023-02-22,537979.1255837642,满仓沪深300指数,552892.5577618651,满仓沪深300指数,540626.2002521328,满仓沪深300指数,512371.38742280577,空仓,510144.18934603623,7.5%多IF + 7.5%空IM
3191,2023-02-23,535546.6683679081,满仓中证1000指数,552447.7209336323,满仓沪深300指数,540626.2002521328,空仓,510054.7148619841,满仓中证1000指数,509196.1097107257,5%多IM + 5%空IF
3192,2023-02-24,535546.6683679081,空仓,546712.6739388645,满仓沪深300指数,535013.8743295842,满仓沪深300指数,510054.7148619841,空仓,507355.7003656668,5%多IF + 5%空IM
3193,2023-02-27,535546.6683679081,空仓,542734.9845604079,满仓中证1000指数,535013.8743295842,空仓,506343.73591737467,满仓中证1000指数,506198.94219522557,7.5%多IM + 7.5%空IF
3194,2023-02-28,535546.6683679081,空仓,546172.7470804064,满仓沪深300指数,535013.8743295842,空仓,506343.73591737467,空仓,505552.51539362536,5%多IF + 5%空IM
3195,2023-03-01,535546.6683679081,空仓,553887.6647390801,满仓沪深300指数,535013.8743295842,空仓,506343.73591737467,空仓,507407.8591874117,5%多IF + 5%空IM
3196,2023-03-02,534352.3058051423,满仓沪深300指数,552652.398552553,满仓沪深300指数,533820.6999905355,满仓沪深300指数,505214.5009920343,满仓沪深300指数,508214.72589494986,7.5%多IF + 7.5%空IM
3197,2023-03-03,534017.6835193903,满仓中证1000指数,554372.1454840036,满仓沪深300指数,535481.846333441,满仓沪深300指数,505214.5009920343,空仓,509164.5858579398,5%多IF + 5%空IM
3198,2023-03-06,531232.7457503182,满仓沪深300指数,551481.0578407911,满仓沪深300指数,532689.2728578245,满仓沪深300指数,505214.5009920343,空仓,505578.0426556763,7.5%多IF + 7.5%空IM
3199,2023-03-07,520474.4664142186,满仓中证1000指数,543407.0542956298,满仓沪深300指数,532689.2728578245,空仓,494983.13108910475,满仓中证1000指数,504159.65491353767,5%多IM + 5%空IF
3200,2023-03-08,520474.4664142186,空仓,541428.1964643652,满仓沪深300指数,530749.44463717,满仓沪深300指数,493180.6126316121,满仓沪深300指数,500790.87053635565,7.5%多IF + 7.5%空IM
3201,2023-03-09,520474.4664142186,空仓,539514.7001829864,满仓沪深300指数,530749.44463717,空仓,493280.86673761485,满仓中证1000指数,500790.87053635565,空仓
3202,2023-03-10,520474.4664142186,空仓,532439.6412287899,满仓沪深300指数,530749.44463717,空仓,486513.92569643667,满仓中证1000指数,500790.87053635565,空仓
3203,2023-03-13,520474.4664142186,空仓,538016.2832965393,满仓沪深300指数,530749.44463717,空仓,486513.92569643667,空仓,502149.2893780515,5%多IF + 5%空IM
3204,2023-03-14,520474.4664142186,空仓,534796.468663316,满仓沪深300指数,527573.1191587903,满仓沪深300指数,483602.33230073843,满仓沪深300指数,503355.3835434641,7.5%多IF + 7.5%空IM
3205,2023-03-15,520474.4664142186,空仓,535092.5954059607,满仓沪深300指数,530193.4859642747,满仓中证1000指数,483870.1118987555,满仓沪深300指数,502244.70146198466,5%多IF + 5%空IM
3206,2023-03-16,520474.4664142186,空仓,528683.7410951379,满仓沪深300指数,523843.30874772335,满仓沪深300指数,483870.1118987555,空仓,503433.4301384954,5%多IF + 5%空IM
3207,2023-03-17,520474.4664142186,空仓,531323.5558560174,满仓沪深300指数,526458.9543432465,满仓沪深300指数,483870.1118987555,空仓,502937.4572142341,5%多IF + 5%空IM
3208,2023-03-20,520474.4664142186,空仓,528673.8764669724,满仓沪深300指数,523833.5344364364,满仓沪深300指数,483870.1118987555,空仓,502240.088826877,5%多IF + 5%空IM
3209,2023-03-21,520474.4664142186,空仓,534485.4443189518,满仓沪深300指数,530686.84940733,满仓中证1000指数,483870.1118987555,空仓,502240.088826877,空仓
3210,2023-03-22,520474.4664142186,空仓,536775.715711202,满仓沪深300指数,530686.84940733,空仓,483870.1118987555,空仓,502175.3065219794,5%多IF + 5%空IM
3211,2023-03-23,520474.4664142186,空仓,539012.8258560675,满仓中证1000指数,535947.5912054516,满仓沪深300指数,483870.1118987555,空仓,502175.3065219794,空仓
3212,2023-03-24,518922.51011847437,满仓沪深300指数,538943.5819519474,满仓中证1000指数,534349.4969817509,满仓沪深300指数,482427.30285634974,满仓沪深300指数,501458.86648787075,5%多IF + 5%空IM
3213,2023-03-27,517045.2097240657,满仓沪深300指数,540413.9163031484,满仓中证1000指数,535807.2978486129,满仓中证1000指数,482427.30285634974,空仓,503049.9623431993,5%多IM + 5%空IF
3214,2023-03-28,512442.4211899726,满仓中证1000指数,535603.0971893771,满仓中证1000指数,531037.4873163055,满仓中证1000指数,478132.68641593115,满仓中证1000指数,500910.1471656112,7.5%多IM + 7.5%空IF
3215,2023-03-29,511008.2635776958,满仓中证1000指数,534104.1204707645,满仓中证1000指数,531917.6958112676,满仓沪深300指数,478925.2038226197,满仓沪深300指数,500910.1471656112,空仓
3216,2023-03-30,515138.74822545034,满仓沪深300指数,534211.1173693001,满仓中证1000指数,531917.6958112676,空仓,482796.36079366796,满仓沪深300指数,502884.4043235335,5%多IF + 5%空IM
3217,2023-03-31,516720.4443572826,满仓沪深300指数,535851.3738261005,满仓沪深300指数,533550.9104836565,满仓沪深300指数,484278.751972667,满仓沪深300指数,500265.98970965674,7.5%多IF + 7.5%空IM
3218,2023-04-03,521777.0120902249,满仓沪深300指数,541095.1546676195,满仓沪深300指数,533550.9104836565,空仓,490363.8531519432,满仓中证1000指数,499570.77016205294,5%多IF + 5%空IM
3219,2023-04-04,523376.259946875,满仓沪深300指数,540407.9405129716,满仓中证1000指数,532873.277844098,满仓中证1000指数,490363.8531519432,空仓,498487.9391286461,5%多IM + 5%空IF
3220,2023-04-06,522551.58399271994,满仓沪深300指数,542713.395053473,满仓中证1000指数,532033.6375843462,满仓沪深300指数,489591.19434139214,满仓沪深300指数,497031.90019762615,5%多IF + 5%空IM
3221,2023-04-07,525949.6667977524,满仓沪深300指数,547365.9537126935,满仓中证1000指数,536594.6411086756,满仓中证1000指数,493788.34844054014,满仓中证1000指数,497803.5075876111,7.5%多IM + 7.5%空IF
3222,2023-04-10,520399.7473013324,满仓中证1000指数,541590.0455413234,满仓中证1000指数,536594.6411086756,空仓,493788.34844054014,空仓,495536.0606608934,7.5%多IM + 7.5%空IF
3223,2023-04-11,519808.46748152707,满仓沪深300指数,540974.6892384108,满仓沪深300指数,535984.9605998964,满仓沪深300指数,493227.30457531544,满仓沪深300指数,494283.43196126126,7.5%多IF + 7.5%空IM
3224,2023-04-12,519445.84442601795,满仓沪深300指数,543830.8908114133,满仓中证1000指数,538814.817741136,满仓中证1000指数,493227.30457531544,空仓,495760.68235750264,5%多IM + 5%空IF
3225,2023-04-13,515436.02923433605,满仓中证1000指数,540073.4516977959,满仓沪深300指数,535092.0357046898,满仓沪深300指数,489419.88102951,满仓中证1000指数,495760.68235750264,空仓
3226,2023-04-14,519377.63078740815,满仓中证1000指数,543128.9110882123,满仓沪深300指数,538119.3127909661,满仓沪深300指数,489419.88102951,空仓,495267.4916593774,5%多IF + 5%空IM
3227,2023-04-17,518835.9686265047,满仓中证1000指数,550745.5662878705,满仓沪深300指数,537558.1048133558,满仓中证1000指数,489419.88102951,空仓,491536.50142333703,5%多IM + 5%空IF
3228,2023-04-18,520417.51554966107,满仓沪深300指数,552424.3819607901,满仓沪深300指数,539196.7216751281,满仓沪深300指数,490911.76006986044,满仓沪深300指数,493485.6571895545,7.5%多IF + 7.5%空IM
3229,2023-04-19,515731.9058277886,满仓沪深300指数,547450.5965339469,满仓沪深300指数,534342.0322659634,满仓沪深300指数,486491.80715352675,满仓沪深300指数,491819.30082955136,7.5%多IF + 7.5%空IM
3230,2023-04-20,514288.9899626082,满仓沪深300指数,545918.9380458543,满仓沪深300指数,534342.0322659634,空仓,486491.80715352675,空仓,491190.50187438104,5%多IF + 5%空IM
3231,2023-04-21,504229.3292101197,满仓沪深300指数,535240.585169781,满仓沪深300指数,523890.12745115947,满仓沪深300指数,486491.80715352675,空仓,494056.13483090274,7.5%多IF + 7.5%空IM
3232,2023-04-24,504229.3292101197,空仓,528614.1583253153,满仓沪深300指数,517404.2224202625,满仓沪深300指数,480468.903696921,满仓沪深300指数,492107.75164097064,7.5%多IF + 7.5%空IM
3233,2023-04-25,504229.3292101197,空仓,525962.6080438978,满仓沪深300指数,514808.90163674165,满仓沪深300指数,480468.903696921,空仓,495338.2438081377,5%多IF + 5%空IM
3234,2023-04-26,504229.3292101197,空仓,525506.8813422621,满仓沪深300指数,514362.8391997403,满仓沪深300指数,480052.59556898265,满仓沪深300指数,493825.7864264315,7.5%多IF + 7.5%空IM
3235,2023-04-27,504229.3292101197,空仓,529380.7507639255,满仓沪深300指数,514362.8391997403,空仓,480052.59556898265,空仓,495307.0538744912,5%多IF + 5%空IM
3236,2023-04-28,504229.3292101197,空仓,534778.5007256062,满仓沪深300指数,519607.46132015914,满仓沪深300指数,484947.3785311473,满仓沪深300指数,494065.26581249054,7.5%多IF + 7.5%空IM
3237,2023-05-04,504229.3292101197,空仓,534932.6394815722,满仓沪深300指数,520431.69315648795,满仓中证1000指数,484947.3785311473,空仓,494065.26581249054,空仓
3238,2023-05-05,504229.3292101197,空仓,533158.0860279944,满仓沪深300指数,518705.2442724991,满仓沪深300指数,484947.3785311473,空仓,496192.1381768794,5%多IF + 5%空IM
3239,2023-05-08,504229.3292101197,空仓,539235.1056972509,满仓沪深300指数,524617.5281796496,满仓沪深300指数,490474.88497833157,满仓沪深300指数,497701.8604713326,7.5%多IF + 7.5%空IM
3240,2023-05-09,504229.3292101197,空仓,534617.8449517137,满仓沪深300指数,520125.43207223347,满仓沪深300指数,486275.1390620228,满仓沪深300指数,499566.0034817178,7.5%多IF + 7.5%空IM
3241,2023-05-10,504229.3292101197,空仓,530502.4476783054,满仓沪深300指数,520125.43207223347,空仓,482531.87571920856,满仓沪深300指数,497051.03722032096,5%多IF + 5%空IM
3242,2023-05-11,504229.3292101197,空仓,529678.7550133831,满仓沪深300指数,519749.4791847239,满仓中证1000指数,482183.09590417566,满仓中证1000指数,497257.2769137171,5%多IM + 5%空IF
3243,2023-05-12,497545.1057664831,满仓沪深300指数,522754.1861345396,满仓中证1000指数,519749.4791847239,空仓,482183.09590417566,空仓,497257.2769137171,空仓
3244,2023-05-15,497545.1057664831,空仓,526750.5626166961,满仓中证1000指数,519749.4791847239,空仓,482183.09590417566,空仓,495298.59852664074,5%多IM + 5%空IF
3245,2023-05-16,494971.85779678763,满仓沪深300指数,521182.1269932837,满仓中证1000指数,514255.05408005015,满仓中证1000指数,479689.29854153167,满仓沪深300指数,495298.59852664074,空仓
3246,2023-05-17,494971.85779678763,空仓,524276.73676621076,满仓中证1000指数,514255.05408005015,空仓,479689.29854153167,空仓,497892.1015992496,5%多IM + 5%空IF
3247,2023-05-18,494971.85779678763,空仓,526576.8429352458,满仓中证1000指数,514255.05408005015,空仓,481793.79076371365,满仓中证1000指数,499916.48900375946,7.5%多IM + 7.5%空IF
3248,2023-05-19,494971.85779678763,空仓,525042.1568629049,满仓沪深300指数,512756.27934334055,满仓沪深300指数,483153.40485003276,满仓中证1000指数,498482.6181878964,5%多IF + 5%空IM
3249,2023-05-22,494971.85779678763,空仓,524538.5318812564,满仓中证1000指数,512756.27934334055,空仓,482689.9599219057,满仓中证1000指数,495774.66662487254,7.5%多IM + 7.5%空IF
3250,2023-05-23,494971.85779678763,空仓,519168.1941269212,满仓中证1000指数,512756.27934334055,空仓,475863.1179342725,满仓沪深300指数,495774.66662487254,空仓
3251,2023-05-24,494971.85779678763,空仓,517953.7366391991,满仓中证1000指数,511556.82084440027,满仓中证1000指数,475863.1179342725,空仓,500044.94218425354,7.5%多IM + 7.5%空IF
3252,2023-05-25,494971.85779678763,空仓,516985.00806246616,满仓中证1000指数,510600.05641561147,满仓中证1000指数,474973.11141757603,满仓中证1000指数,500178.6876488462,7.5%多IM + 7.5%空IF
3253,2023-05-26,494971.85779678763,空仓,520596.0460999985,满仓中证1000指数,510600.05641561147,空仓,474973.11141757603,空仓,501896.1874014189,5%多IM + 5%空IF
3254,2023-05-29,494042.486253543,满仓中证1000指数,519618.5619397382,满仓中证1000指数,510600.05641561147,空仓,474081.29002085514,满仓中证1000指数,502852.04960715346,7.5%多IM + 7.5%空IF
3255,2023-05-30,494042.486253543,空仓,522032.27194179036,满仓中证1000指数,511107.66772482597,满仓沪深300指数,474081.29002085514,空仓,502852.04960715346,空仓
3256,2023-05-31,493830.2603306425,满仓中证1000指数,516698.75302074355,满仓沪深300指数,510888.1111087402,满仓中证1000指数,474081.29002085514,空仓,505312.8233354072,5%多IM + 5%空IF
3257,2023-06-01,494816.83730170905,满仓中证1000指数,517831.0972686785,满仓沪深300指数,510888.1111087402,空仓,475028.41238398233,满仓中证1000指数,505263.8857832773,5%多IM + 5%空IF
3258,2023-06-02,494816.83730170905,空仓,525307.8475195213,满仓沪深300指数,510888.1111087402,空仓,475028.41238398233,空仓,506931.83377728966,5%多IF + 5%空IM
3259,2023-06-05,495315.3819554696,满仓中证1000指数,525837.1128945384,满仓中证1000指数,508561.8296870954,满仓沪深300指数,472865.41475993494,满仓沪深300指数,506931.83377728966,空仓
3260,2023-06-06,484626.0938153156,满仓中证1000指数,514489.14224939956,满仓中证1000指数,503787.91577052686,满仓沪深300指数,472865.41475993494,空仓,503841.1502122201,5%多IM + 5%空IF
3261,2023-06-07,484626.0938153156,空仓,511946.38033257343,满仓沪深300指数,501298.0425716916,满仓沪深300指数,470528.3699718199,满仓沪深300指数,502046.55855617253,7.5%多IF + 7.5%空IM
3262,2023-06-08,484626.0938153156,空仓,516113.57762966614,满仓沪深300指数,505378.5633611648,满仓沪深300指数,470528.3699718199,空仓,505872.3915060647,5%多IF + 5%空IM
3263,2023-06-09,484626.0938153156,空仓,518344.90319204604,满仓沪深300指数,507563.477992331,满仓沪深300指数,472562.6159696968,满仓沪深300指数,504386.6258927838,7.5%多IF + 7.5%空IM
3264,2023-06-12,484626.0938153156,空仓,519389.21202971676,满仓沪深300指数,507563.477992331,空仓,472562.6159696968,空仓,503551.4863562999,5%多IF + 5%空IM
3265,2023-06-13,487207.15604725084,满仓沪深300指数,521361.4187837757,满仓中证1000指数,509490.7804780686,满仓中证1000指数,472562.6159696968,空仓,503166.59216507134,5%多IM + 5%空IF
3266,2023-06-14,487095.8835865852,满仓沪深300指数,523203.9802706712,满仓中证1000指数,509490.7804780686,空仓,472562.6159696968,空仓,503166.59216507134,空仓
3267,2023-06-15,494845.335424903,满仓沪深300指数,526053.9570667042,满仓中证1000指数,509490.7804780686,空仓,472562.6159696968,空仓,503166.59216507134,空仓
3268,2023-06-16,499616.8654406344,满仓沪深300指数,530432.4833773861,满仓中证1000指数,513731.445826947,满仓中证1000指数,477119.2855894595,满仓沪深300指数,503166.59216507134,空仓
3269,2023-06-19,495527.12663767097,满仓沪深300指数,532364.7466632429,满仓中证1000指数,513731.445826947,空仓,477119.2855894595,空仓,503166.59216507134,空仓
3270,2023-06-20,494686.28652536543,满仓沪深300指数,532413.7175779624,满仓中证1000指数,513778.70271046524,满仓中证1000指数,477163.17461102235,满仓中证1000指数,503841.65836294804,7.5%多IM + 7.5%空IF
3271,2023-06-21,483933.10772427294,满仓中证1000指数,520840.44365221227,满仓中证1000指数,502610.5049962242,满仓中证1000指数,477163.17461102235,空仓,501424.94349071744,7.5%多IM + 7.5%空IF
3272,2023-06-26,477128.0306200736,满仓沪深300指数,510704.7289431751,满仓中证1000指数,495542.78595554084,满仓沪深300指数,477163.17461102235,空仓,502778.36122707,5%多IF + 5%空IM
3273,2023-06-27,477128.0306200736,空仓,517568.7856826077,满仓中证1000指数,502203.0606834723,满仓中证1000指数,481639.2469560322,满仓沪深300指数,503798.94400799676,5%多IM + 5%空IF
3274,2023-06-28,476552.96072123776,满仓沪深300指数,516944.97360257484,满仓沪深300指数,501597.76850869285,满仓沪深300指数,481639.2469560322,空仓,505188.1511198546,7.5%多IF + 7.5%空IM
3275,2023-06-29,476552.96072123776,空仓,514393.74801393447,满仓沪深300指数,499122.2844096674,满仓沪深300指数,481639.2469560322,空仓,502204.37213924975,5%多IF + 5%空IM
3276,2023-06-30,476552.96072123776,空仓,517167.4559897963,满仓沪深300指数,499122.2844096674,空仓,487696.4814282195,满仓中证1000指数,502204.37213924975,空仓
3277,2023-07-03,477335.94105275354,满仓中证1000指数,518017.1662623486,满仓中证1000指数,499942.346320777,满仓中证1000指数,488497.77065351314,满仓中证1000指数,497879.8066165606,7.5%多IM + 7.5%空IF
3278,2023-07-04,477335.94105275354,空仓,520019.60825513693,满仓中证1000指数,500729.74404694035,满仓沪深300指数,489267.1434355532,满仓沪深300指数,497309.5816452189,5%多IF + 5%空IM
3279,2023-07-05,477335.94105275354,空仓,515787.67164538155,满仓中证1000指数,500729.74404694035,空仓,489267.1434355532,空仓,497212.49258126126,5%多IM + 5%空IF
3280,2023-07-06,477335.94105275354,空仓,514429.0141226818,满仓中证1000指数,500729.74404694035,空仓,489267.1434355532,空仓,498231.6251522579,5%多IM + 5%空IF
3281,2023-07-07,477335.94105275354,空仓,512145.74326441577,满仓沪深300指数,500729.74404694035,空仓,489267.1434355532,空仓,498857.7152482153,5%多IF + 5%空IM
3282,2023-07-10,477335.94105275354,空仓,514639.48430856277,满仓沪深300指数,503167.8982856067,满仓沪深300指数,489267.1434355532,空仓,499864.7262407886,5%多IF + 5%空IM
3283,2023-07-11,481176.7724982827,满仓中证1000指数,518007.5427620766,满仓沪深300指数,503167.8982856067,空仓,492469.15258704434,满仓沪深300指数,499489.3553346215,5%多IF + 5%空IM
3284,2023-07-12,474127.8957589011,满仓中证1000指数,514520.34013769764,满仓沪深300指数,503167.8982856067,空仓,492469.15258704434,空仓,499489.3553346215,空仓
3285,2023-07-13,478905.47362188273,满仓中证1000指数,521881.30797947786,满仓沪深300指数,510366.4528020428,满仓沪深300指数,499514.64586004463,满仓沪深300指数,500545.75206037663,5%多IF + 5%空IM
3286,2023-07-14,478988.98430025676,满仓沪深300指数,521972.31270684185,满仓沪深300指数,510366.4528020428,空仓,499514.64586004463,空仓,500736.6766441885,5%多IF + 5%空IM
3287,2023-07-17,475066.7833043862,满仓沪深300指数,517698.1427534212,满仓沪深300指数,506187.3174251334,满仓沪深300指数,499514.64586004463,空仓,499262.4610070359,7.5%多IF + 7.5%空IM
3288,2023-07-18,475066.7833043862,空仓,516060.16475675144,满仓沪深300指数,506187.3174251334,空仓,499514.64586004463,空仓,498722.6259400626,5%多IF + 5%空IM
3289,2023-07-19,475066.7833043862,空仓,515514.9128377253,满仓沪深300指数,504812.19019137736,满仓中证1000指数,499514.64586004463,空仓,498722.6259400626,空仓
3290,2023-07-20,475066.7833043862,空仓,511877.4413012159,满仓沪深300指数,501250.23703080585,满仓沪深300指数,499514.64586004463,空仓,500173.656798932,5%多IF + 5%空IM
3291,2023-07-21,475066.7833043862,空仓,511290.9446671129,满仓中证1000指数,501016.29283112916,满仓沪深300指数,499281.511697865,满仓沪深300指数,500343.4792928454,5%多IF + 5%空IM
3292,2023-07-24,475066.7833043862,空仓,510682.08400501736,满仓中证1000指数,501016.29283112916,空仓,499281.511697865,空仓,501137.9833858602,5%多IM + 5%空IF
3293,2023-07-25,475066.7833043862,空仓,525430.5178395497,满仓沪深300指数,501016.29283112916,空仓,499281.511697865,空仓,504280.07073045353,5%多IF + 5%空IM
3294,2023-07-26,474083.61210334295,满仓沪深300指数,524343.1167173414,满仓沪深300指数,499979.4180007342,满仓沪深300指数,498248.2270718587,满仓沪深300指数,505884.5073935444,7.5%多IF + 7.5%空IM
3295,2023-07-27,473517.3103452104,满仓沪深300指数,523716.77903917455,满仓沪深300指数,499979.4180007342,空仓,498248.2270718587,空仓,507529.4915481674,5%多IF + 5%空IM
3296,2023-07-28,484485.60587997886,满仓沪深300指数,535847.8675622761,满仓沪深300指数,511560.6672985383,满仓沪深300指数,509789.376011513,满仓沪深300指数,512911.1280591038,7.5%多IF + 7.5%空IM
3297,2023-07-31,487142.07925471984,满仓沪深300指数,538785.964330921,满仓沪深300指数,514365.59540321346,满仓沪深300指数,512584.591984216,满仓沪深300指数,512017.3268855446,7.5%多IF + 7.5%空IM
3298,2023-08-01,485124.27583364386,满仓沪深300指数,536554.2454785526,满仓沪深300指数,514365.59540321346,空仓,512584.591984216,空仓,511288.3665379415,5%多IF + 5%空IM
3299,2023-08-02,481713.84574706294,满仓沪深300指数,532782.2620239662,满仓沪深300指数,513465.2794796735,满仓中证1000指数,512584.591984216,空仓,509938.6494021528,5%多IF + 5%空IM
3300,2023-08-03,485971.5928567558,满仓沪深300指数,533071.1740286396,满仓中证1000指数,513743.7164581515,满仓中证1000指数,512862.5513920092,满仓中证1000指数,506765.6285764517,7.5%多IM + 7.5%空IF
3301,2023-08-04,487863.9532185737,满仓沪深300指数,536005.5016768555,满仓中证1000指数,515744.2207251675,满仓沪深300指数,514859.6244258669,满仓沪深300指数,506357.5310017704,5%多IF + 5%空IM
3302,2023-08-07,484171.9982318336,满仓沪深300指数,533435.1395095742,满仓中证1000指数,515744.2207251675,空仓,514859.6244258669,空仓,506357.5310017704,空仓
3303,2023-08-08,482907.50841153716,满仓沪深300指数,530758.2704640583,满仓中证1000指数,513156.1277451433,满仓中证1000指数,514859.6244258669,空仓,505748.25190124137,5%多IM + 5%空IF
3304,2023-08-09,481431.14383232174,满仓沪深300指数,529135.6145786355,满仓沪深300指数,513156.1277451433,空仓,514859.6244258669,空仓,506943.31812691916,5%多IF + 5%空IM
3305,2023-08-10,482420.2486429584,满仓沪深300指数,530222.7286728604,满仓沪深300指数,514210.4118334556,满仓沪深300指数,515917.40836412326,满仓沪深300指数,507378.80602977413,7.5%多IF + 7.5%空IM
3306,2023-08-11,471321.99613733933,满仓沪深300指数,518024.76280475507,满仓沪深300指数,514210.4118334556,空仓,515917.40836412326,空仓,506365.4248207392,5%多IF + 5%空IM
3307,2023-08-14,471321.99613733933,空仓,514244.1626368257,满仓沪深300指数,514210.4118334556,空仓,515917.40836412326,空仓,503924.4575975637,5%多IF + 5%空IM
3308,2023-08-15,471321.99613733933,空仓,512994.47621381556,满仓沪深300指数,514210.4118334556,空仓,511208.8939105617,满仓中证1000指数,503924.4575975637,空仓
3309,2023-08-16,471321.99613733933,空仓,509233.3207099853,满仓沪深300指数,510440.3413740846,满仓沪深300指数,507460.82987850904,满仓沪深300指数,505700.2293588733,7.5%多IF + 7.5%空IM
3310,2023-08-17,471321.99613733933,空仓,510935.9957892318,满仓沪深300指数,512147.0522536633,满仓沪深300指数,507460.82987850904,空仓,504044.37282501045,5%多IF + 5%空IM
3311,2023-08-18,471321.99613733933,空仓,504654.8891700362,满仓沪深300指数,512147.0522536633,空仓,496861.49099051295,满仓中证1000指数,504044.37282501045,空仓
3312,2023-08-21,471321.99613733933,空仓,497393.30736891815,满仓沪深300指数,504777.66419471113,满仓沪深300指数,489712.0499802676,满仓沪深300指数,502308.81820870953,7.5%多IF + 7.5%空IM
3313,2023-08-22,471321.99613733933,空仓,501217.17124764156,满仓沪深300指数,504777.66419471113,空仓,489712.0499802676,空仓,502497.16260114405,5%多IF + 5%空IM
3314,2023-08-23,471321.99613733933,空仓,493002.7742325994,满仓沪深300指数,496504.9146245008,满仓沪深300指数,489712.0499802676,空仓,503550.2646246437,5%多IF + 5%空IM
3315,2023-08-24,471321.99613733933,空仓,496576.3514095744,满仓沪深300指数,500103.877396911,满仓沪深300指数,489712.0499802676,空仓,504772.77391904383,5%多IF + 5%空IM
3316,2023-08-25,471321.99613733933,空仓,494672.2146733444,满仓沪深300指数,491005.45171744766,满仓中证1000指数,487834.2346113016,满仓沪深300指数,508396.67446265055,5%多IF + 5%空IM
3317,2023-08-28,471321.99613733933,空仓,500469.29852563236,满仓沪深300指数,496759.56462515605,满仓沪深300指数,493551.18389644776,满仓沪深300指数,510067.5045239725,7.5%多IF + 7.5%空IM
3318,2023-08-29,471321.99613733933,空仓,505468.8044000143,满仓沪深300指数,501722.0116100467,满仓沪深300指数,493551.18389644776,空仓,504579.5208197007,5%多IF + 5%空IM
3319,2023-08-30,471321.99613733933,空仓,508022.9416842175,满仓中证1000指数,504257.21632496425,满仓中证1000指数,496045.10136371624,满仓中证1000指数,506651.2109000586,7.5%多IM + 7.5%空IF
3320,2023-08-31,471321.99613733933,空仓,505099.46414739435,满仓中证1000指数,501355.4090959055,满仓中证1000指数,493190.5517123161,满仓中证1000指数,506795.6910875304,7.5%多IM + 7.5%空IF
3321,2023-09-01,471321.99613733933,空仓,505339.7802365789,满仓中证1000指数,501355.4090959055,空仓,493190.5517123161,空仓,505151.4504032898,5%多IM + 5%空IF
3322,2023-09-04,478464.9370359097,满仓沪深300指数,512916.1290914399,满仓中证1000指数,508953.5099392769,满仓沪深300指数,500664.91317111783,满仓沪深300指数,505192.50290163053,5%多IF + 5%空IM
3323,2023-09-05,474905.3941747802,满仓沪深300指数,510341.09043887665,满仓中证1000指数,505167.14715128596,满仓沪深300指数,500664.91317111783,空仓,504581.44304629916,5%多IF + 5%空IM
3324,2023-09-06,473874.9723823778,满仓沪深300指数,512636.49261332146,满仓中证1000指数,507439.2780648128,满仓中证1000指数,500664.91317111783,空仓,506263.5968877426,5%多IM + 5%空IF
3325,2023-09-07,465316.4166104459,满仓中证1000指数,503377.8732127207,满仓中证1000指数,498274.524458281,满仓中证1000指数,491622.5099378725,满仓中证1000指数,504740.1620412495,7.5%多IM + 7.5%空IF
3326,2023-09-08,466769.61988955445,满仓中证1000指数,500902.53928457916,满仓沪深300指数,495824.28597630677,满仓沪深300指数,491622.5099378725,空仓,502710.98291578464,5%多IF + 5%空IM
3327,2023-09-11,472900.54829825734,满仓中证1000指数,507481.79696809745,满仓中证1000指数,502336.8417877503,满仓中证1000指数,498079.87623615284,满仓中证1000指数,504886.46678266267,7.5%多IM + 7.5%空IF
3328,2023-09-12,473050.6720982418,满仓中证1000指数,507642.8986966913,满仓中证1000指数,502496.31023377506,满仓中证1000指数,498237.99329477217,满仓中证1000指数,505703.4116387975,7.5%多IM + 7.5%空IF
3329,2023-09-13,466819.2379203537,满仓中证1000指数,500955.78567543806,满仓中证1000指数,502496.31023377506,空仓,498237.99329477217,空仓,503123.0797917931,7.5%多IM + 7.5%空IF
3330,2023-09-14,466819.2379203537,空仓,498130.2138636776,满仓中证1000指数,502073.566104332,满仓沪深300指数,497818.83163638524,满仓沪深300指数,504330.3421474198,5%多IF + 5%空IM
3331,2023-09-15,466819.2379203537,空仓,494830.553297266,满仓沪深300指数,498747.7844082924,满仓沪深300指数,494521.23369462055,满仓沪深300指数,501179.6981281511,7.5%多IF + 7.5%空IM
3332,2023-09-18,466819.2379203537,空仓,497356.80942936946,满仓沪深300指数,499150.2899506442,满仓中证1000指数,494920.32827427646,满仓中证1000指数,500102.5970198148,5%多IM + 5%空IF
3333,2023-09-19,466819.2379203537,空仓,496394.9871466079,满仓沪深300指数,499150.2899506442,空仓,494920.32827427646,空仓,501794.35667354334,5%多IF + 5%空IM
3334,2023-09-20,466819.2379203537,空仓,494418.70779761585,满仓沪深300指数,497163.0410145837,满仓沪深300指数,492949.9199311399,满仓沪深300指数,503321.48456211603,7.5%多IF + 7.5%空IM
3335,2023-09-21,466819.2379203537,空仓,489983.1098852564,满仓沪深300指数,492702.8227581798,满仓沪深300指数,492949.9199311399,空仓,502868.11869554926,5%多IF + 5%空IM
3336,2023-09-22,466819.2379203537,空仓,498854.0255248162,满仓沪深300指数,492702.8227581798,空仓,492949.9199311399,空仓,502540.9286926966,5%多IF + 5%空IM
3337,2023-09-25,466819.2379203537,空仓,495608.0137453067,满仓沪深300指数,490462.31238115183,满仓中证1000指数,492949.9199311399,空仓,502540.9286926966,空仓
3338,2023-09-26,466819.2379203537,空仓,492711.3128063551,满仓沪深300指数,490462.31238115183,空仓,492949.9199311399,空仓,502376.46250083647,5%多IF + 5%空IM
3339,2023-09-27,466819.2379203537,空仓,495829.74164517917,满仓中证1000指数,490462.31238115183,空仓,492949.9199311399,空仓,503449.166031515,5%多IM + 5%空IF
3340,2023-09-28,466819.2379203537,空仓,499517.9745450481,满仓中证1000指数,494110.6196219959,满仓中证1000指数,496616.73125763517,满仓中证1000指数,507377.98875650886,7.5%多IM + 7.5%空IF
3341,2023-10-09,465361.725816258,满仓中证1000指数,497958.3698094845,满仓中证1000指数,494110.6196219959,空仓,495066.1848402916,满仓中证1000指数,506683.91598745045,7.5%多IM + 7.5%空IF
3342,2023-10-10,465361.725816258,空仓,496603.89059164963,满仓中证1000指数,494110.6196219959,空仓,495066.1848402916,空仓,507892.5257916307,5%多IM + 5%空IF
3343,2023-10-11,465361.725816258,空仓,497912.04955376853,满仓中证1000指数,494110.6196219959,空仓,495066.1848402916,空仓,507837.75512921845,5%多IM + 5%空IF
3344,2023-10-12,468821.9014929537,满仓中证1000指数,502641.1810352438,满仓沪深300指数,494110.6196219959,空仓,495066.1848402916,空仓,507837.75512921845,空仓
3345,2023-10-13,467086.9906177327,满仓中证1000指数,497350.2818273972,满仓沪深300指数,488909.51476910216,满仓沪深300指数,495066.1848402916,空仓,506104.60144355573,5%多IF + 5%空IM
3346,2023-10-16,462670.5019610347,满仓中证1000指数,492352.464658191,满仓沪深300指数,483996.5179208381,满仓沪深300指数,490385.1420504459,满仓中证1000指数,506104.60144355573,空仓
3347,2023-10-17,462670.5019610347,空仓,494090.8370280153,满仓沪深300指数,485705.3875502993,满仓沪深300指数,490385.1420504459,空仓,507543.69146486477,5%多IF + 5%空IM
3348,2023-10-18,462670.5019610347,空仓,490177.49671301735,满仓沪深300指数,481858.46238620335,满仓沪深300指数,486501.15189631714,满仓沪深300指数,511073.9681942635,7.5%多IF + 7.5%空IM
3349,2023-10-19,462670.5019610347,空仓,479719.4856805149,满仓沪深300指数,471577.93920933065,满仓沪深300指数,476121.57623653195,满仓沪深300指数,507120.7601119099,7.5%多IF + 7.5%空IM
3350,2023-10-20,462670.5019610347,空仓,476602.9977954783,满仓沪深300指数,466043.5549650755,满仓中证1000指数,470533.86839275237,满仓中证1000指数,505792.254622313,5%多IM + 5%空IF
3351,2023-10-23,462670.5019610347,空仓,465362.60804721713,满仓中证1000指数,461218.6096091664,满仓沪深300指数,470533.86839275237,空仓,505792.254622313,空仓
3352,2023-10-24,462670.5019610347,空仓,467088.69552338665,满仓沪深300指数,462929.3264825382,满仓沪深300指数,472279.1367132013,满仓沪深300指数,501736.9118554029,7.5%多IF + 7.5%空IM
3353,2023-10-25,462670.5019610347,空仓,471954.6782324134,满仓中证1000指数,462929.3264825382,空仓,477199.19180146547,满仓中证1000指数,503787.28267599747,7.5%多IM + 7.5%空IF
3354,2023-10-26,462670.5019610347,空仓,473259.27936640143,满仓沪深300指数,462929.3264825382,空仓,477199.19180146547,空仓,503054.4489588209,5%多IF + 5%空IM
3355,2023-10-27,462670.5019610347,空仓,479755.9295939103,满仓沪深300指数,462929.3264825382,空仓,477199.19180146547,空仓,501963.51054158673,5%多IF + 5%空IM
3356,2023-10-30,462670.5019610347,空仓,487043.94570197636,满仓中证1000指数,469961.7281271759,满仓中证1000指数,484448.3682724035,满仓中证1000指数,505422.39555578574,7.5%多IM + 7.5%空IF
3357,2023-10-31,462670.5019610347,空仓,484026.1273702883,满仓中证1000指数,467049.75451401493,满仓中证1000指数,481446.63263965346,满仓中证1000指数,504265.2858399338,7.5%多IM + 7.5%空IF
3358,2023-11-01,462670.5019610347,空仓,483140.3915517769,满仓中证1000指数,466856.42432665976,满仓沪深300指数,481446.63263965346,空仓,504265.2858399338,空仓
3359,2023-11-02,456988.78167297586,满仓中证1000指数,477207.2954217547,满仓中证1000指数,466856.42432665976,空仓,481446.63263965346,空仓,501404.16111903475,7.5%多IM + 7.5%空IF
3360,2023-11-03,463815.7757562901,满仓中证1000指数,481228.23124754685,满仓沪深300指数,470790.14399122866,满仓沪深300指数,485503.2890067295,满仓沪深300指数,499771.3105036339,5%多IF + 5%空IM
3361,2023-11-06,473397.9666221683,满仓中证1000指数,487736.38055375946,满仓沪深300指数,480516.4216499442,满仓中证1000指数,495533.5325310865,满仓中证1000指数,502445.87555898743,7.5%多IM + 7.5%空IF
3362,2023-11-07,474965.51606311026,满仓中证1000指数,489351.4083835564,满仓中证1000指数,482107.54223184136,满仓中证1000指数,497174.3788520573,满仓中证1000指数,505026.59859883745,7.5%多IM + 7.5%空IF
3363,2023-11-08,476687.8527998691,满仓中证1000指数,491125.91175135813,满仓中证1000指数,482107.54223184136,空仓,498977.2501517884,满仓中证1000指数,507309.11125726486,7.5%多IM + 7.5%空IF
3364,2023-11-09,473718.148189125,满仓中证1000指数,488066.25987221487,满仓中证1000指数,482107.54223184136,空仓,495868.6854343772,满仓中证1000指数,504753.9471009239,7.5%多IM + 7.5%空IF
3365,2023-11-10,472775.89780294086,满仓中证1000指数,487095.47033500584,满仓中证1000指数,478593.0454679754,满仓沪深300指数,492253.8718552452,满仓沪深300指数,504753.9471009239,空仓
3366,2023-11-13,477130.21647275914,满仓中证1000指数,486134.5590974582,满仓沪深300指数,478593.0454679754,空仓,496787.5848352649,满仓中证1000指数,507576.24051714403,5%多IM + 5%空IF
3367,2023-11-14,480030.05171018315,满仓中证1000指数,489089.1196679914,满仓中证1000指数,481501.7712826887,满仓中证1000指数,499806.8908743371,满仓中证1000指数,509608.66758847545,7.5%多IM + 7.5%空IF
3368,2023-11-15,481993.67772306374,满仓中证1000指数,491089.8029889114,满仓中证1000指数,481501.7712826887,空仓,501851.4166469242,满仓中证1000指数,508484.6744965704,7.5%多IM + 7.5%空IF
3369,2023-11-16,477170.27605232754,满仓中证1000指数,486175.3746764737,满仓中证1000指数,481501.7712826887,空仓,501851.4166469242,空仓,508356.0023757964,7.5%多IM + 7.5%空IF
3370,2023-11-17,481369.3725869307,满仓中证1000指数,485590.7716290239,满仓沪深300指数,480922.7880237533,满仓沪深300指数,501851.4166469242,空仓,505813.59986948036,5%多IF + 5%空IM
3371,2023-11-20,485566.17844970344,满仓中证1000指数,486714.19588549295,满仓沪深300指数,485115.7003510839,满仓中证1000指数,506226.79465717415,满仓中证1000指数,508243.38387791626,7.5%多IM + 7.5%空IF
3372,2023-11-21,482370.8387811764,满仓中证1000指数,483511.30151934584,满仓中证1000指数,481923.3251199543,满仓中证1000指数,502895.4947643277,满仓中证1000指数,505229.30605543416,7.5%多IM + 7.5%空IF
3373,2023-11-22,476224.49259603233,满仓中证1000指数,478562.70172079257,满仓沪深300指数,476990.97780539765,满仓沪深300指数,497748.50329532987,满仓沪深300指数,505862.6712172087,5%多IF + 5%空IM
3374,2023-11-23,476224.49259603233,空仓,480872.0896992057,满仓沪深300指数,479292.7811552917,满仓沪深300指数,497748.50329532987,空仓,504420.89464268234,5%多IF + 5%空IM
3375,2023-11-24,469914.4193687043,满仓中证1000指数,477697.5689772745,满仓沪深300指数,472942.05246863194,满仓中证1000指数,491153.2324652537,满仓中证1000指数,501905.6188144176,7.5%多IM + 7.5%空IF
3376,2023-11-27,469603.7662997438,满仓中证1000指数,474178.1293155709,满仓沪深300指数,469457.6491029017,满仓沪深300指数,487534.6581233056,满仓沪深300指数,500222.6234836091,5%多IF + 5%空IM
3377,2023-11-28,469603.7662997438,空仓,475066.6608112469,满仓沪深300指数,471910.96638261806,满仓中证1000指数,490082.4432185536,满仓中证1000指数,501061.0014724497,5%多IM + 5%空IF
3378,2023-11-29,469603.7662997438,空仓,472751.7234726326,满仓中证1000指数,471910.96638261806,空仓,490082.4432185536,空仓,501991.6714188456,5%多IM + 5%空IF
3379,2023-11-30,469603.7662997438,空仓,470213.80265901727,满仓中证1000指数,471910.96638261806,空仓,487451.4841521424,满仓中证1000指数,499118.33897977986,7.5%多IM + 7.5%空IF
3380,2023-12-01,469603.7662997438,空仓,474041.988525656,满仓中证1000指数,470112.85503202194,满仓沪深300指数,485594.15912908234,满仓沪深300指数,496135.6952594804,5%多IF + 5%空IM
3381,2023-12-04,469603.7662997438,空仓,472831.11131221516,满仓中证1000指数,468912.0142675269,满仓中证1000指数,484353.77343224117,满仓中证1000指数,497615.0444333777,7.5%多IM + 7.5%空IF
3382,2023-12-05,469603.7662997438,空仓,463828.4243785585,满仓沪深300指数,468912.0142675269,空仓,484353.77343224117,空仓,497833.7437689071,5%多IF + 5%空IM
3383,2023-12-06,469603.7662997438,空仓,464558.26338567544,满仓沪深300指数,469649.85235793015,满仓沪深300指数,484353.77343224117,空仓,496929.3140396679,5%多IF + 5%空IM
3384,2023-12-07,469603.7662997438,空仓,464328.96895305184,满仓中证1000指数,469418.04484331753,满仓中证1000指数,484353.77343224117,空仓,497657.00793844723,7.5%多IM + 7.5%空IF
3385,2023-12-08,469603.7662997438,空仓,462964.9477972698,满仓中证1000指数,470550.24339187116,满仓沪深300指数,484353.77343224117,空仓,497657.00793844723,空仓
3386,2023-12-11,469603.7662997438,空仓,468512.6900395199,满仓中证1000指数,470550.24339187116,空仓,487202.3669926191,满仓沪深300指数,497657.00793844723,空仓
3387,2023-12-12,469603.7662997438,空仓,468814.2540176876,满仓中证1000指数,470550.24339187116,空仓,487515.96081213886,满仓中证1000指数,497095.1743082229,7.5%多IM + 7.5%空IF
3388,2023-12-13,469603.7662997438,空仓,464230.46304063755,满仓中证1000指数,462696.1202276484,满仓沪深300指数,487515.96081213886,空仓,497095.1743082229,空仓
3389,2023-12-14,469603.7662997438,空仓,462094.9369156224,满仓中证1000指数,462696.1202276484,空仓,485273.31808710715,满仓中证1000指数,497331.99762783095,7.5%多IM + 7.5%空IF
3390,2023-12-15,469603.7662997438,空仓,458989.9145672121,满仓中证1000指数,462696.1202276484,空仓,485273.31808710715,空仓,496433.5304629536,5%多IM + 5%空IF
3391,2023-12-18,469603.7662997438,空仓,457316.06612760364,满仓沪深300指数,462696.1202276484,空仓,485273.31808710715,空仓,499473.5038722094,5%多IF + 5%空IM
3392,2023-12-19,469603.7662997438,空仓,457958.2849343811,满仓沪深300指数,463345.89436033816,满仓沪深300指数,485954.7978652873,满仓沪深300指数,499581.492554409,7.5%多IF + 7.5%空IM
3393,2023-12-20,469603.7662997438,空仓,452939.3494235609,满仓沪深300指数,463345.89436033816,空仓,485954.7978652873,空仓,501198.9909586232,5%多IF + 5%空IM
3394,2023-12-21,469603.7662997438,空仓,457522.666770802,满仓沪深300指数,468034.5160888265,满仓沪深300指数,485954.7978652873,空仓,502099.34841465356,5%多IF + 5%空IM
3395,2023-12-22,469603.7662997438,空仓,458396.03215185914,满仓沪深300指数,468034.5160888265,空仓,486882.4373639152,满仓沪深300指数,505392.7271422299,5%多IF + 5%空IM
3396,2023-12-25,469603.7662997438,空仓,459800.20500953065,满仓沪深300指数,469468.21384764055,满仓沪深300指数,488373.87065624545,满仓沪深300指数,506433.7337007374,7.5%多IF + 7.5%空IM
3397,2023-12-26,469603.7662997438,空仓,456687.58315243304,满仓沪深300指数,469468.21384764055,空仓,485067.81909802894,满仓沪深300指数,508434.0153371824,5%多IF + 5%空IM
3398,2023-12-27,469603.7662997438,空仓,458276.4067943952,满仓沪深300指数,471101.5015148069,满仓沪深300指数,486755.3780494199,满仓沪深300指数,506753.25867135526,7.5%多IF + 7.5%空IM
3399,2023-12-28,469603.7662997438,空仓,469015.5057553958,满仓沪深300指数,471101.5015148069,空仓,496101.09980688617,满仓中证1000指数,506753.25867135526,空仓
3400,2023-12-29,471882.5932815429,满仓沪深300指数,475616.50362907915,满仓中证1000指数,477731.8580203551,满仓中证1000指数,498508.50931479566,满仓沪深300指数,506753.25867135526,空仓
3401,2024-01-02,493477.66447236214,满仓沪深300指数,497241.0138205796,满仓中证1000指数,500000.0,空仓,497241.0138205796,满仓中证1000指数,501881.67467410874,5%多IM + 5%空IF
3402,2024-01-03,492303.8314803032,满仓沪深300指数,494633.1172443431,满仓中证1000指数,500000.0,空仓,497241.0138205796,空仓,501881.67467410874,空仓
3403,2024-01-04,487750.6109611937,满仓沪深300指数,491148.68864585843,满仓中证1000指数,495375.59914431453,满仓沪深300指数,497241.0138205796,空仓,501328.5180534602,5%多IF + 5%空IM
3404,2024-01-05,485136.2237041723,满仓沪深300指数,488516.08738603,满仓沪深300指数,492720.3412630583,满仓沪深300指数,497241.0138205796,空仓,506283.42038453167,7.5%多IF + 7.5%空IM
3405,2024-01-08,485136.2237041723,空仓,482198.16719194903,满仓沪深300指数,486348.04795587703,满仓沪深300指数,490810.2551953065,满仓沪深300指数,510219.1597012189,7.5%多IF + 7.5%空IM
3406,2024-01-09,485136.2237041723,空仓,483143.6174256145,满仓沪深300指数,487301.63489765313,满仓沪深300指数,491772.59122649074,满仓沪深300指数,510297.87531768956,7.5%多IF + 7.5%空IM
3407,2024-01-10,485136.2237041723,空仓,480888.15440038854,满仓沪深300指数,487301.63489765313,空仓,491772.59122649074,空仓,511001.31695392815,5%多IF + 5%空IM
3408,2024-01-11,485136.2237041723,空仓,483609.12290074356,满仓沪深300指数,496057.95261121774,满仓中证1000指数,491772.59122649074,空仓,511001.31695392815,空仓
3409,2024-01-12,485136.2237041723,空仓,480452.7308650702,满仓中证1000指数,492820.31027423515,满仓中证1000指数,488562.9183381893,满仓中证1000指数,509837.84370125586,7.5%多IM + 7.5%空IF
3410,2024-01-15,485136.2237041723,空仓,479149.86578432814,满仓中证1000指数,492333.03716732416,满仓沪深300指数,488079.8547018557,满仓沪深300指数,510277.0691564304,5%多IF + 5%空IM
3411,2024-01-16,485136.2237041723,空仓,477434.5666727277,满仓中证1000指数,495327.72896724095,满仓沪深300指数,488079.8547018557,空仓,510277.0691564304,空仓
3412,2024-01-17,485136.2237041723,空仓,467050.34421487997,满仓沪深300指数,484554.3294562202,满仓沪深300指数,477464.09676932974,满仓沪深300指数,512340.6195777567,7.5%多IF + 7.5%空IM
3413,2024-01-18,485136.2237041723,空仓,473652.6108164215,满仓沪深300指数,491404.03400226665,满仓沪深300指数,484213.5731343124,满仓沪深300指数,518891.7684778549,7.5%多IF + 7.5%空IM
3414,2024-01-19,485136.2237041723,空仓,472936.31639600877,满仓沪深300指数,490660.89449519746,满仓沪深300指数,483481.3076029847,满仓沪深300指数,523114.9701432544,7.5%多IF + 7.5%空IM
3415,2024-01-22,485136.2237041723,空仓,465577.86401021347,满仓沪深300指数,483026.6640406019,满仓沪深300指数,475958.78489098465,满仓沪深300指数,539643.9081119908,7.5%多IF + 7.5%空IM
3416,2024-01-23,485136.2237041723,空仓,467462.6947920168,满仓沪深300指数,484982.1339956674,满仓沪深300指数,477885.64146639215,满仓沪深300指数,534905.0584080005,7.5%多IF + 7.5%空IM
3417,2024-01-24,485136.2237041723,空仓,473996.89440362516,满仓沪深300指数,491071.23043353844,满仓中证1000指数,483885.63930793887,满仓中证1000指数,534524.5503637487,5%多IM + 5%空IF
3418,2024-01-25,485136.2237041723,空仓,483515.5697276898,满仓沪深300指数,500932.78787974693,满仓沪深300指数,483885.63930793887,空仓,530913.251974994,5%多IF + 5%空IM
3419,2024-01-26,483815.94778938085,满仓沪深300指数,482199.7043481394,满仓沪深300指数,500932.78787974693,空仓,479659.4956493028,满仓中证1000指数,532509.2598770475,5%多IF + 5%空IM
3420,2024-01-29,479482.42828269827,满仓沪深300指数,477880.6614673559,满仓沪深300指数,496445.9535417462,满仓沪深300指数,475363.2053131548,满仓沪深300指数,539429.943828916,7.5%多IF + 7.5%空IM
3421,2024-01-30,470931.50261344854,满仓沪深300指数,469358.3011597745,满仓沪深300指数,487592.50616362365,满仓沪深300指数,466885.74045779515,满仓沪深300指数,543772.5461090094,7.5%多IF + 7.5%空IM
3422,2024-01-31,470931.50261344854,空仓,465064.42541934026,满仓沪深300指数,483131.8166898035,满仓沪深300指数,462614.48468251067,满仓沪深300指数,556374.4886892692,7.5%多IF + 7.5%空IM
3423,2024-02-01,470931.50261344854,空仓,465405.6426653059,满仓沪深300指数,483486.2899604275,满仓沪深300指数,462953.90440971265,满仓沪深300指数,559696.9180002665,7.5%多IF + 7.5%空IM
3424,2024-02-02,470931.50261344854,空仓,459897.32222815417,满仓沪深300指数,465596.4549553436,满仓中证1000指数,457474.60158365493,满仓沪深300指数,566739.6448803568,5%多IF + 5%空IM
3425,2024-02-05,470931.50261344854,空仓,462904.96906638035,满仓沪深300指数,468641.37310979434,满仓沪深300指数,460466.4042589905,满仓沪深300指数,595684.2231777958,7.5%多IF + 7.5%空IM
3426,2024-02-06,470931.50261344854,空仓,478998.97925903794,满仓沪深300指数,484934.8232551707,满仓沪深300指数,476475.63185157196,满仓沪深300指数,580062.2346559865,7.5%多IF + 7.5%空IM
3427,2024-02-07,475473.18599320774,满仓沪深300指数,500422.6387678131,满仓中证1000指数,506623.96871731273,满仓中证1000指数,497786.43238147517,满仓中证1000指数,595324.4793398844,7.5%多IM + 7.5%空IF
3428,2024-02-08,478502.0177326928,满仓沪深300指数,520788.4512948282,满仓中证1000指数,527242.1581621281,满仓中证1000指数,518044.95862508216,满仓中证1000指数,610651.2937480465,7.5%多IM + 7.5%空IF
3429,2024-02-19,484030.58770418825,满仓沪深300指数,524593.5275766094,满仓中证1000指数,527242.1581621281,空仓,521829.9899176534,满仓中证1000指数,609354.4122435811,5%多IM + 5%空IF
3430,2024-02-20,485032.60466096207,满仓沪深300指数,526306.784515182,满仓中证1000指数,528333.6296439414,满仓沪深300指数,521829.9899176534,空仓,608990.1027131567,5%多IF + 5%空IM
3431,2024-02-21,491576.3595572997,满仓沪深300指数,529171.9475556415,满仓中证1000指数,535461.5747401252,满仓沪深300指数,521829.9899176534,空仓,611440.5169698735,5%多IF + 5%空IM
3432,2024-02-22,495814.4828783588,满仓沪深300指数,533734.2010655653,满仓沪深300指数,540078.0542418672,满仓沪深300指数,526328.9447735983,满仓沪深300指数,608339.2066842576,7.5%多IF + 7.5%空IM
3433,2024-02-23,496250.6042743525,满仓沪深300指数,534203.6768733453,满仓沪深300指数,540078.0542418672,空仓,533903.3108905761,满仓中证1000指数,604229.4708231312,5%多IF + 5%空IM
3434,2024-02-26,499073.5522283652,满仓中证1000指数,528634.2141383248,满仓沪深300指数,540078.0542418672,空仓,536940.4482686213,满仓中证1000指数,609097.8329034372,5%多IM + 5%空IF
3435,2024-02-27,512239.17409600597,满仓中证1000指数,542579.6499134066,满仓中证1000指数,554325.3799304583,满仓中证1000指数,551105.0035246199,满仓中证1000指数,615668.5176795241,7.5%多IM + 7.5%空IF
3436,2024-02-28,489259.56200940633,满仓中证1000指数,518238.9307501427,满仓中证1000指数,529457.7344149838,满仓中证1000指数,526381.8276325584,满仓中证1000指数,600837.0854461553,7.5%多IM + 7.5%空IF
3437,2024-02-29,507545.1975290069,满仓中证1000指数,537607.6440785957,满仓中证1000指数,539558.5362620943,满仓沪深300指数,536423.9484502118,满仓沪深300指数,600837.0854461553,空仓
3438,2024-03-01,512989.8836704956,满仓中证1000指数,543374.8248213625,满仓中证1000指数,545346.6451816752,满仓中证1000指数,542178.4311097044,满仓中证1000指数,602887.360728401,7.5%多IM + 7.5%空IF
3439,2024-03-04,515496.5729471919,满仓中证1000指数,546029.9879931207,满仓中证1000指数,545346.6451816752,空仓,544827.7481870595,满仓中证1000指数,604705.1249351826,7.5%多IM + 7.5%空IF
3440,2024-03-05,510444.1166993826,满仓中证1000指数,540678.2693414242,满仓中证1000指数,545346.6451816752,空仓,539487.8128610695,满仓中证1000指数,597103.3018984114,7.5%多IM + 7.5%空IF
3441,2024-03-06,511044.9540567923,满仓中证1000指数,541314.6949400981,满仓中证1000指数,543134.0348890936,满仓沪深300指数,537298.9733440296,满仓沪深300指数,597103.3018984114,空仓
3442,2024-03-07,503620.46751328994,满仓中证1000指数,538063.4056651094,满仓沪深300指数,543134.0348890936,空仓,537298.9733440296,空仓,597103.3018984114,空仓
3443,2024-03-08,509992.1069548277,满仓中证1000指数,540378.9999658507,满仓沪深300指数,545471.4510049009,满仓沪深300指数,539611.277855673,满仓沪深300指数,594610.9635958625,5%多IF + 5%空IM
3444,2024-03-11,519134.63507436553,满仓中证1000指数,547140.1743508148,满仓沪深300指数,555250.0103418186,满仓中证1000指数,549284.7830220034,满仓中证1000指数,597025.778928216,7.5%多IM + 7.5%空IF
3445,2024-03-12,521955.9971292368,满仓中证1000指数,550113.7392457633,满仓中证1000指数,558267.6500913238,满仓中证1000指数,552270.0033086722,满仓中证1000指数,598432.5267097104,7.5%多IM + 7.5%空IF
3446,2024-03-13,518309.4953574757,满仓沪深300指数,552658.8016470987,满仓中证1000指数,558267.6500913238,空仓,552270.0033086722,空仓,598432.5267097104,空仓
3447,2024-03-14,515011.24895474216,满仓中证1000指数,549141.9744988435,满仓中证1000指数,558267.6500913238,空仓,548755.6502665883,满仓中证1000指数,596850.1774905385,7.5%多IM + 7.5%空IF
3448,2024-03-15,521487.84631656285,满仓中证1000指数,556047.7876641337,满仓中证1000指数,559485.371606722,满仓沪深300指数,548755.6502665883,空仓,599952.1248926055,5%多IM + 5%空IF
3449,2024-03-18,530158.0431309387,满仓中证1000指数,565292.5740791938,满仓中证1000指数,568787.3108961178,满仓中证1000指数,557879.1984459335,满仓中证1000指数,603206.4042009696,7.5%多IM + 7.5%空IF
3450,2024-03-19,526353.0500421728,满仓中证1000指数,561235.4172268724,满仓中证1000指数,568787.3108961178,空仓,553875.2480731034,满仓中证1000指数,603210.7791614085,7.5%多IM + 7.5%空IF
3451,2024-03-20,531203.9203815423,满仓中证1000指数,566407.7635039793,满仓中证1000指数,568787.3108961178,空仓,553875.2480731034,空仓,606399.706269724,7.5%多IM + 7.5%空IF
3452,2024-03-21,531121.8342894192,满仓中证1000指数,566320.2374182894,满仓中证1000指数,568787.3108961178,空仓,553789.6586169763,满仓中证1000指数,606874.0625760654,7.5%多IM + 7.5%空IF
3453,2024-03-22,525265.0831360996,满仓中证1000指数,560613.2300673081,满仓沪深300指数,563055.4419817609,满仓沪深300指数,553789.6586169763,空仓,607162.2618800092,5%多IF + 5%空IM
3454,2024-03-25,513079.0484151021,满仓中证1000指数,557570.7547854325,满仓沪深300指数,559999.7126969751,满仓沪深300指数,553789.6586169763,空仓,612557.7279611583,5%多IF + 5%空IM
3455,2024-03-26,513079.0484151021,空仓,560414.6671575822,满仓沪深300指数,562856.014068004,满仓沪深300指数,556614.2853539283,满仓沪深300指数,616440.2117882635,7.5%多IF + 7.5%空IM
3456,2024-03-27,513079.0484151021,空仓,553937.1610739105,满仓沪深300指数,556350.2898801474,满仓沪深300指数,550180.7056656494,满仓沪深300指数,626501.148326253,7.5%多IF + 7.5%空IM
3457,2024-03-28,513079.0484151021,空仓,556811.8952930702,满仓沪深300指数,559237.5473680856,满仓沪深300指数,553035.9452351199,满仓沪深300指数,618589.1046231579,7.5%多IF + 7.5%空IM
3458,2024-03-29,513079.0484151021,空仓,559424.319621849,满仓沪深300指数,565370.3953435367,满仓中证1000指数,559100.7836799794,满仓中证1000指数,620529.8325211933,5%多IM + 5%空IF
3459,2024-04-01,513079.0484151021,空仓,568622.2134768526,满仓沪深300指数,577609.8450658097,满仓中证1000指数,571204.5053956812,满仓中证1000指数,622145.3317545806,5%多IM + 5%空IF
3460,2024-04-02,513079.0484151021,空仓,565757.8039414167,满仓中证1000指数,574700.1607292595,满仓中证1000指数,568327.0876776238,满仓中证1000指数,621737.565141493,7.5%多IM + 7.5%空IF
3461,2024-04-03,511234.4905274592,满仓沪深300指数,562676.3095288385,满仓中证1000指数,571569.960276243,满仓中证1000指数,568327.0876776238,空仓,621161.9631000785,5%多IM + 5%空IF
3462,2024-04-08,511234.4905274592,空仓,552344.0799779026,满仓中证1000指数,561074.4197070327,满仓中证1000指数,568327.0876776238,空仓,616706.8306159877,7.5%多IM + 7.5%空IF
3463,2024-04-09,511234.4905274592,空仓,559401.5223243195,满仓中证1000指数,560611.0472428803,满仓沪深300指数,567857.7254792915,满仓沪深300指数,612512.2610356064,5%多IF + 5%空IM
3464,2024-04-10,511234.4905274592,空仓,548982.6040708541,满仓中证1000指数,550169.6014474813,满仓中证1000指数,557281.3094610001,满仓中证1000指数,607697.6335362714,7.5%多IM + 7.5%空IF
3465,2024-04-11,511234.4905274592,空仓,550298.3800295406,满仓中证1000指数,550096.7783665234,满仓沪深300指数,557207.5450403409,满仓沪深300指数,606929.1639484847,5%多IF + 5%空IM
3466,2024-04-12,511234.4905274592,空仓,545837.5997297394,满仓沪深300指数,550096.7783665234,空仓,557207.5450403409,空仓,606790.1718257196,5%多IF + 5%空IM
3467,2024-04-15,506326.1112431272,满仓中证1000指数,540596.994847313,满仓中证1000指数,550096.7783665234,空仓,557207.5450403409,空仓,592831.8700567622,7.5%多IM + 7.5%空IF
3468,2024-04-16,500910.39234944736,满仓沪深300指数,534814.7108729136,满仓沪深300指数,544212.8836792881,满仓沪深300指数,551247.5928230496,满仓沪深300指数,606647.4129320793,7.5%多IF + 7.5%空IM
3469,2024-04-17,500910.39234944736,空仓,543083.9467872734,满仓沪深300指数,552627.4329265085,满仓沪深300指数,559770.9118335468,满仓沪深300指数,593854.8458715004,7.5%多IF + 7.5%空IM
3470,2024-04-18,500910.39234944736,空仓,543753.9741769199,满仓沪深300指数,552627.4329265085,空仓,559692.8767414908,满仓中证1000指数,593854.8458715004,空仓
3471,2024-04-19,500910.39234944736,空仓,539467.6907037195,满仓沪深300指数,548271.2020848386,满仓沪深300指数,559692.8767414908,空仓,592768.4026598629,5%多IF + 5%空IM
3472,2024-04-22,500910.39234944736,空仓,537829.1182200004,满仓沪深300指数,546605.889924661,满仓沪深300指数,557746.5036281566,满仓中证1000指数,592898.8667995526,5%多IF + 5%空IM
3473,2024-04-23,500910.39234944736,空仓,534994.0156071957,满仓中证1000指数,546605.889924661,空仓,557746.5036281566,空仓,593408.2307708744,5%多IM + 5%空IF
3474,2024-04-24,500910.39234944736,空仓,537343.3523135501,满仓沪深300指数,546605.889924661,空仓,557746.5036281566,空仓,589754.4156351472,5%多IF + 5%空IM
3475,2024-04-25,502142.092848445,满仓沪深300指数,538664.6386858958,满仓沪深300指数,546605.889924661,空仓,558627.3584821577,满仓中证1000指数,590013.7935863576,5%多IF + 5%空IM
3476,2024-04-26,509821.16811342095,满仓沪深300指数,548999.2318475716,满仓中证1000指数,554964.9337666149,满仓沪深300指数,558627.3584821577,空仓,588865.3478765741,5%多IF + 5%空IM
3477,2024-04-29,515460.04473791696,满仓沪深300指数,562105.6947153283,满仓中证1000指数,554964.9337666149,空仓,571963.6771983416,满仓中证1000指数,592637.8762627825,5%多IM + 5%空IF
3478,2024-04-30,511016.37221652997,满仓中证1000指数,557259.8998662014,满仓中证1000指数,550180.6979142203,满仓中证1000指数,567032.8987577158,满仓中证1000指数,591200.0463583058,7.5%多IM + 7.5%空IF
3479,2024-05-06,521186.75411395833,满仓中证1000指数,568350.6325822179,满仓中证1000指数,558344.3397660919,满仓沪深300指数,567032.8987577158,空仓,592697.0098327151,5%多IM + 5%空IF
3480,2024-05-07,522905.8916882986,满仓中证1000指数,570225.3404871286,满仓中证1000指数,560186.0418552862,满仓中证1000指数,568903.2601098547,满仓中证1000指数,594025.8383594069,7.5%多IM + 7.5%空IF
3481,2024-05-08,514662.8862722212,满仓中证1000指数,561236.3987966,满仓中证1000指数,560186.0418552862,空仓,568903.2601098547,空仓,590507.5071005812,7.5%多IM + 7.5%空IF
3482,2024-05-09,523044.33031173004,满仓中证1000指数,570376.3068702532,满仓中证1000指数,565484.7517857234,满仓沪深300指数,574284.4248097437,满仓沪深300指数,590507.5071005812,空仓
3483,2024-05-10,518155.5125006846,满仓中证1000指数,565045.0840915573,满仓中证1000指数,560199.2496472009,满仓中证1000指数,568916.6734320687,满仓中证1000指数,586160.5681912442,7.5%多IM + 7.5%空IF
3484,2024-05-13,513189.06755311345,满仓中证1000指数,559629.2094451736,满仓中证1000指数,559956.8511417415,满仓沪深300指数,568670.5028928226,满仓沪深300指数,586160.5681912442,空仓
3485,2024-05-14,512118.4494029476,满仓沪深300指数,558461.7075888856,满仓沪深300指数,558788.6657573559,满仓沪深300指数,567484.1390352215,满仓沪深300指数,582785.1543695482,7.5%多IF + 7.5%空IM
3486,2024-05-15,507096.5721664381,满仓中证1000指数,552985.3844060897,满仓中证1000指数,558788.6657573559,空仓,561919.3411193807,满仓中证1000指数,582202.8785033067,7.5%多IM + 7.5%空IF
3487,2024-05-16,506331.95634530403,满仓中证1000指数,555166.6844375579,满仓沪深300指数,560992.8573482597,满仓沪深300指数,561919.3411193807,空仓,583790.0857319685,5%多IF + 5%空IM
3488,2024-05-17,511563.1289754471,满仓沪深300指数,560902.3934490121,满仓沪深300指数,566788.7595114338,满仓沪深300指数,561919.3411193807,空仓,582388.0894563479,7.5%多IF + 7.5%空IM
3489,2024-05-20,513370.2636145804,满仓沪深300指数,562883.8226939315,满仓沪深300指数,570206.4872822782,满仓中证1000指数,565307.7063699085,满仓中证1000指数,582388.0894563479,空仓
3490,2024-05-21,511311.58749485615,满仓沪深300指数,560626.5912839934,满仓沪深300指数,570206.4872822782,空仓,565307.7063699085,空仓,584343.7902201449,5%多IF + 5%空IM
3491,2024-05-22,512464.6169225311,满仓沪深300指数,561890.8281475751,满仓沪深300指数,571492.3272197396,满仓沪深300指数,566582.499347571,满仓沪深300指数,585101.3451902074,7.5%多IF + 7.5%空IM
3492,2024-05-23,506531.2005647933,满仓沪深300指数,555385.145372802,满仓沪深300指数,571492.3272197396,空仓,566582.499347571,空仓,588412.3734708034,5%多IF + 5%空IM
3493,2024-05-24,506531.2005647933,空仓,549236.7777612241,满仓沪深300指数,565165.645737136,满仓沪深300指数,560310.1719054369,满仓沪深300指数,588640.1663989828,7.5%多IF + 7.5%空IM
3494,2024-05-27,506531.2005647933,空仓,554457.3459746599,满仓沪深300指数,565165.645737136,空仓,560310.1719054369,空仓,588439.0963134728,5%多IF + 5%空IM
3495,2024-05-28,506531.2005647933,空仓,550410.5954356217,满仓沪深300指数,561040.7398302401,满仓沪深300指数,560310.1719054369,空仓,589372.1998693444,5%多IF + 5%空IM
3496,2024-05-29,506531.2005647933,空仓,551073.9694127378,满仓沪深300指数,561716.9256267922,满仓沪深300指数,560310.1719054369,空仓,589549.767150549,5%多IF + 5%空IM
3497,2024-05-30,506531.2005647933,空仓,549327.7724159854,满仓中证1000指数,559937.0041226068,满仓中证1000指数,560310.1719054369,空仓,590499.3027080091,7.5%多IM + 7.5%空IF
3498,2024-05-31,506531.2005647933,空仓,551481.5142398049,满仓中证1000指数,562132.3414149109,满仓中证1000指数,560310.1719054369,空仓,594008.4233054895,7.5%多IM + 7.5%空IF
3499,2024-06-03,506531.2005647933,空仓,544212.5107207113,满仓中证1000指数,562132.3414149109,空仓,552924.7990394417,满仓中证1000指数,587038.2052919883,7.5%多IM + 7.5%空IF
3500,2024-06-04,506531.2005647933,空仓,547207.6330879515,满仓中证1000指数,566349.5068375034,满仓沪深300指数,557072.8886831257,满仓沪深300指数,587624.8022659298,5%多IF + 5%空IM
3501,2024-06-05,506531.2005647933,空仓,540037.84086043,满仓中证1000指数,558928.9080617339,满仓中证1000指数,553856.2091045144,满仓沪深300指数,585471.6700395318,5%多IM + 5%空IF
3502,2024-06-06,506531.2005647933,空仓,539655.0304464801,满仓沪深300指数,558532.7065542195,满仓沪深300指数,553463.6034227752,满仓沪深300指数,594640.32292191,7.5%多IF + 7.5%空IM
3503,2024-06-07,506531.2005647933,空仓,536931.2356515789,满仓沪深300指数,555713.6306759944,满仓沪深300指数,550670.1127720476,满仓沪深300指数,590414.7129254417,7.5%多IF + 7.5%空IM
3504,2024-06-11,506531.2005647933,空仓,532238.5406266057,满仓沪深300指数,555713.6306759944,空仓,555514.3788894039,满仓中证1000指数,590414.7129254417,空仓
3505,2024-06-12,506531.2005647933,空仓,532425.634296464,满仓沪深300指数,557588.3876092649,满仓中证1000指数,557388.4636263349,满仓中证1000指数,591306.85327887,5%多IM + 5%空IF
3506,2024-06-13,506531.2005647933,空仓,528728.1351814455,满仓中证1000指数,557588.3876092649,空仓,557388.4636263349,空仓,590754.5477221585,5%多IM + 5%空IF
3507,2024-06-14,506531.2005647933,空仓,528770.5539874048,满仓中证1000指数,557588.3876092649,空仓,557388.4636263349,空仓,589488.0070352732,5%多IM + 5%空IF
3508,2024-06-17,506531.2005647933,空仓,529109.0572837567,满仓中证1000指数,556748.50974572,满仓沪深300指数,557388.4636263349,空仓,589488.0070352732,空仓
3509,2024-06-18,506531.2005647933,空仓,533527.1453546756,满仓中证1000指数,561397.3886782352,满仓中证1000指数,562042.6862069449,满仓中证1000指数,592005.506449177,7.5%多IM + 7.5%空IF
3510,2024-06-19,506531.2005647933,空仓,526662.1882729228,满仓中证1000指数,561397.3886782352,空仓,554810.8162777049,满仓中证1000指数,588401.4279851016,7.5%多IM + 7.5%空IF
3511,2024-06-20,506531.2005647933,空仓,516061.9572925001,满仓中证1000指数,557345.7330584433,满仓沪深300指数,554810.8162777049,空仓,588401.4279851016,空仓
3512,2024-06-21,506531.2005647933,空仓,515979.75299432996,满仓中证1000指数,556126.7824750172,满仓沪深300指数,553597.4097185811,满仓沪深300指数,587804.8559844401,5%多IF + 5%空IM
3513,2024-06-24,506531.2005647933,空仓,513203.31467517343,满仓沪深300指数,556126.7824750172,空仓,553597.4097185811,空仓,595964.6100062804,5%多IF + 5%空IM
3514,2024-06-25,506531.2005647933,空仓,510412.3665372663,满仓沪深300指数,553102.4040978602,满仓沪深300指数,550586.786802433,满仓沪深300指数,597206.9432908365,7.5%多IF + 7.5%空IM
3515,2024-06-26,506531.2005647933,空仓,513713.239597413,满仓沪深300指数,556679.3566657908,满仓沪深300指数,550586.786802433,空仓,590589.8653052617,5%多IF + 5%空IM
3516,2024-06-27,506531.2005647933,空仓,509853.70161348564,满仓沪深300指数,543025.9765814263,满仓中证1000指数,537082.8359559933,满仓中证1000指数,585565.8795258302,5%多IM + 5%空IF
3517,2024-06-28,506531.2005647933,空仓,510966.5884748373,满仓沪深300指数,544211.2704663146,满仓沪深300指数,538255.1574076203,满仓沪深300指数,583644.1386271459,7.5%多IF + 7.5%空IM
3518,2024-07-01,506531.2005647933,空仓,513405.90598987666,满仓沪深300指数,546809.2956872841,满仓沪深300指数,543121.0366275775,满仓中证1000指数,582399.1760443227,5%多IF + 5%空IM
3519,2024-07-02,506531.2005647933,空仓,512461.660714717,满仓沪深300指数,542979.8961565176,满仓中证1000指数,543121.0366275775,空仓,582399.1760443227,空仓
3520,2024-07-03,506531.2005647933,空仓,511225.94963991205,满仓沪深300指数,541670.5957297477,满仓沪深300指数,543121.0366275775,空仓,583983.3763018559,5%多IF + 5%空IM
3521,2024-07-04,506531.2005647933,空仓,508627.8654814521,满仓沪深300指数,541670.5957297477,空仓,540360.8595231439,满仓沪深300指数,588814.5468023702,5%多IF + 5%空IM
3522,2024-07-05,506531.2005647933,空仓,506450.3151339863,满仓沪深300指数,539351.5820185605,满仓沪深300指数,538047.4530873841,满仓沪深300指数,582386.5717357185,7.5%多IF + 7.5%空IM
3523,2024-07-08,506531.2005647933,空仓,502125.4001759268,满仓沪深300指数,526253.5443098978,满仓中证1000指数,524981.085870636,满仓中证1000指数,577801.6976200677,5%多IM + 5%空IF
3524,2024-07-09,506531.2005647933,空仓,507741.96945707727,满仓沪深300指数,532140.0011392714,满仓沪深300指数,530853.309500536,满仓沪深300指数,573130.827320318,7.5%多IF + 7.5%空IM
3525,2024-07-10,506531.2005647933,空仓,506141.1069110062,满仓沪深300指数,529989.9820546621,满仓中证1000指数,528708.4890696143,满仓中证1000指数,572876.5233516749,5%多IM + 5%空IF
3526,2024-07-11,506531.2005647933,空仓,518420.71964762313,满仓中证1000指数,529989.9820546621,空仓,528708.4890696143,空仓,576551.0285918539,5%多IM + 5%空IF
3527,2024-07-12,504919.0784379859,满仓中证1000指数,516770.7570940678,满仓中证1000指数,528303.1983459707,满仓中证1000指数,527025.7839313926,满仓中证1000指数,574647.101418861,7.5%多IM + 7.5%空IF
3528,2024-07-15,505478.22040017886,满仓沪深300指数,511429.6274379515,满仓中证1000指数,528888.2356312914,满仓沪深300指数,527025.7839313926,空仓,577934.9382858151,5%多IF + 5%空IM
3529,2024-07-16,505478.22040017886,空仓,514671.59046382725,满仓沪深300指数,532240.8691369547,满仓沪深300指数,530366.6113170646,满仓沪深300指数,579864.0961145909,7.5%多IF + 7.5%空IM
3530,2024-07-17,505955.1781536842,满仓沪深300指数,515157.22287225496,满仓沪深300指数,532240.8691369547,空仓,530366.6113170646,空仓,582601.0543960475,5%多IF + 5%空IM
3531,2024-07-18,508750.7467683563,满仓沪深300指数,518003.63580776186,满仓沪深300指数,535181.6748317095,满仓沪深300指数,533297.0611214892,满仓沪深300指数,583484.3816819643,7.5%多IF + 7.5%空IM
3532,2024-07-19,511363.8493128273,满仓沪深300指数,520664.26407685573,满仓沪深300指数,536182.149045612,满仓中证1000指数,533297.0611214892,空仓,584437.4746862004,5%多IF + 5%空IM
3533,2024-07-22,507882.9058875877,满仓沪深300指数,521252.6570649355,满仓中证1000指数,536182.149045612,空仓,533297.0611214892,空仓,584437.4746862004,空仓
3534,2024-07-23,497039.12130540615,满仓沪深300指数,507006.7779554557,满仓中证1000指数,536182.149045612,空仓,518722.0074326383,满仓中证1000指数,582690.2607635196,5%多IM + 5%空IF
3535,2024-07-24,493901.94176012796,满仓沪深300指数,503806.68519627437,满仓沪深300指数,532797.9090563906,满仓沪深300指数,518722.0074326383,空仓,585883.7429536262,7.5%多IF + 7.5%空IM
3536,2024-07-25,493901.94176012796,空仓,501021.7779274917,满仓沪深300指数,529852.7461331451,满仓沪深300指数,515854.652291422,满仓沪深300指数,583307.1847711691,7.5%多IF + 7.5%空IM
3537,2024-07-26,493901.94176012796,空仓,502498.8560602012,满仓沪深300指数,529852.7461331451,空仓,523595.2335983526,满仓中证1000指数,583307.1847711691,空仓
3538,2024-07-29,493901.94176012796,空仓,499764.5923124881,满仓沪深300指数,528000.8510174141,满仓中证1000指数,521765.20919478533,满仓中证1000指数,583874.8069648627,5%多IM + 5%空IF
3539,2024-07-30,493901.94176012796,空仓,496616.33694085095,满仓沪深300指数,524674.7219938413,满仓沪深300指数,521765.20919478533,空仓,580986.1890728369,5%多IF + 5%空IM
3540,2024-07-31,493901.94176012796,空仓,516321.4861471541,满仓中证1000指数,524674.7219938413,空仓,542468.2359239801,满仓中证1000指数,588873.7209838332,7.5%多IM + 7.5%空IF
3541,2024-08-01,492811.7487541313,满仓中证1000指数,515181.806333308,满仓中证1000指数,523516.6040275453,满仓中证1000指数,541270.8422173021,满仓中证1000指数,590826.6138273894,7.5%多IM + 7.5%空IF
3542,2024-08-02,485901.8927915987,满仓中证1000指数,507958.2933280274,满仓中证1000指数,518177.0132186627,满仓沪深300指数,541270.8422173021,空仓,589697.597017618,5%多IM + 5%空IF
3543,2024-08-05,485901.8927915987,空仓,494111.74911565625,满仓中证1000指数,511888.6589117312,满仓沪深300指数,541270.8422173021,空仓,589697.597017618,空仓
3544,2024-08-06,485901.8927915987,空仓,501627.9415538429,满仓中证1000指数,511836.3572655432,满仓沪深300指数,541215.5384796852,满仓沪深300指数,585182.3717737483,5%多IF + 5%空IM
3545,2024-08-07,485233.2228927788,满仓中证1000指数,501404.375838211,满仓沪深300指数,511131.9978664497,满仓中证1000指数,540470.7491616692,满仓中证1000指数,584774.0045502349,7.5%多IM + 7.5%空IF
3546,2024-08-08,484832.55903194787,满仓中证1000指数,500990.35923014936,满仓中证1000指数,511131.9978664497,空仓,540470.7491616692,空仓,584221.8212532096,7.5%多IM + 7.5%空IF
3547,2024-08-09,481073.37513790035,满仓中证1000指数,497105.89467758004,满仓中证1000指数,511131.9978664497,空仓,540470.7491616692,空仓,582306.8289882975,7.5%多IM + 7.5%空IF
3548,2024-08-12,478143.24125884473,满仓中证1000指数,494078.109523069,满仓中证1000指数,510247.8646075791,满仓沪深300指数,540470.7491616692,空仓,581037.0885568608,5%多IM + 5%空IF
3549,2024-08-13,478143.24125884473,空仓,495344.6707874175,满仓沪深300指数,511555.87677827076,满仓沪深300指数,540470.7491616692,空仓,580322.1751640184,5%多IF + 5%空IM
3550,2024-08-14,478143.24125884473,空仓,491608.27197626367,满仓沪深300指数,511555.87677827076,空仓,540470.7491616692,空仓,581117.3396376846,5%多IF + 5%空IM
3551,2024-08-15,478143.24125884473,空仓,496468.1574835502,满仓沪深300指数,516612.95806318865,满仓沪深300指数,540470.7491616692,空仓,581329.1623526922,5%多IF + 5%空IM
3552,2024-08-16,478143.24125884473,空仓,497014.99320736114,满仓沪深300指数,517181.9823129703,满仓沪深300指数,540470.7491616692,空仓,583891.9025687233,5%多IF + 5%空IM
3553,2024-08-19,478143.24125884473,空仓,498698.68569390156,满仓沪深300指数,518933.9926742174,满仓沪深300指数,542301.6527601421,满仓沪深300指数,584626.555844938,7.5%多IF + 7.5%空IM
3554,2024-08-20,474687.2023315482,满仓沪深300指数,495094.071172504,满仓沪深300指数,515183.1165253509,满仓沪深300指数,538381.8742072928,满仓沪深300指数,589383.8631960062,7.5%多IF + 7.5%空IM
3555,2024-08-21,474687.2023315482,空仓,493449.79067116516,满仓沪深300指数,513472.11733863986,满仓沪深300指数,536593.8285214762,满仓沪深300指数,590912.0365459316,7.5%多IF + 7.5%空IM
3556,2024-08-22,474687.2023315482,空仓,492187.1661486479,满仓沪深300指数,507102.04639130086,满仓中证1000指数,536593.8285214762,空仓,590912.0365459316,空仓
3557,2024-08-23,474687.2023315482,空仓,494275.0951709291,满仓沪深300指数,509253.24648902717,满仓沪深300指数,538870.137017112,满仓沪深300指数,592446.2985178006,7.5%多IF + 7.5%空IM
3558,2024-08-26,474687.2023315482,空仓,493834.2692196016,满仓沪深300指数,508799.0620701814,满仓沪深300指数,538389.5383725243,满仓沪深300指数,590315.4012250323,7.5%多IF + 7.5%空IM
3559,2024-08-27,474687.2023315482,空仓,491028.1447866266,满仓沪深300指数,502799.65689703973,满仓中证1000指数,538389.5383725243,空仓,590315.4012250323,空仓
3560,2024-08-28,474687.2023315482,空仓,488229.61158035276,满仓沪深300指数,499934.0339162208,满仓沪深300指数,535321.0767842366,满仓沪深300指数,586712.9742632725,7.5%多IF + 7.5%空IM
3561,2024-08-29,474687.2023315482,空仓,486920.176969117,满仓沪深300指数,507976.00981118676,满仓中证1000指数,543932.2912715613,满仓中证1000指数,592218.7122180836,5%多IM + 5%空IF
3562,2024-08-30,474687.2023315482,空仓,496230.5081681961,满仓中证1000指数,517688.94658445317,满仓中证1000指数,554332.7429701019,满仓中证1000指数,594782.7249417028,7.5%多IM + 7.5%空IF
3563,2024-09-02,474687.2023315482,空仓,485853.69266794337,满仓中证1000指数,517688.94658445317,空仓,542740.9353225157,满仓中证1000指数,593032.1715140325,7.5%多IM + 7.5%空IF
3564,2024-09-03,474687.2023315482,空仓,490128.8163102018,满仓中证1000指数,519023.54894909775,满仓沪深300指数,542740.9353225157,空仓,593032.1715140325,空仓
3565,2024-09-04,474687.2023315482,空仓,487810.5217813178,满仓中证1000指数,516568.5832057061,满仓中证1000指数,540173.7870564092,满仓中证1000指数,593817.535158631,7.5%多IM + 7.5%空IF
3566,2024-09-05,478443.5439577752,满仓中证1000指数,491670.71215442766,满仓中证1000指数,520656.34470920963,满仓中证1000指数,540173.7870564092,空仓,596575.9149804057,7.5%多IM + 7.5%空IF
3567,2024-09-06,470249.72154962516,满仓中证1000指数,483250.3613114501,满仓中证1000指数,520656.34470920963,空仓,530922.7727276032,满仓中证1000指数,592540.7281416175,7.5%多IM + 7.5%空IF
3568,2024-09-09,466839.1649618563,满仓中证1000指数,479745.5156352395,满仓中证1000指数,514470.02680320543,满仓沪深300指数,524614.4715054899,满仓沪深300指数,592540.7281416175,空仓
3569,2024-09-10,466839.1649618563,空仓,481036.5477708218,满仓中证1000指数,514470.02680320543,空仓,524614.4715054899,空仓,593077.8716420229,5%多IM + 5%空IF
3570,2024-09-11,466675.95345356886,满仓中证1000指数,479587.7130530504,满仓沪深300指数,514470.02680320543,空仓,524614.4715054899,空仓,593077.8716420229,空仓
3571,2024-09-12,464880.1275219524,满仓中证1000指数,477742.20109724527,满仓中证1000指数,512490.2834538096,满仓中证1000指数,524614.4715054899,空仓,593272.5663562344,7.5%多IM + 7.5%空IF
3572,2024-09-13,464880.1275219524,空仓,471802.7736568633,满仓中证1000指数,510353.4444358524,满仓沪深300指数,524614.4715054899,空仓,593272.5663562344,空仓
3573,2024-09-18,464880.1275219524,空仓,473559.49302292755,满仓沪深300指数,512253.7040982301,满仓沪深300指数,526567.8309456392,满仓沪深300指数,596346.296143534,7.5%多IF + 7.5%空IM
3574,2024-09-19,464880.1275219524,空仓,477296.8077413239,满仓沪深300指数,516296.39215767256,满仓沪深300指数,530723.4855863368,满仓沪深300指数,591423.070706189,7.5%多IF + 7.5%空IM
3575,2024-09-20,464880.1275219524,空仓,478045.599813332,满仓沪深300指数,516296.39215767256,空仓,528483.441600173,满仓中证1000指数,591423.070706189,空仓
3576,2024-09-23,464880.1275219524,空仓,479795.0015065745,满仓沪深300指数,518185.77213106485,满仓沪深300指数,530417.419923469,满仓沪深300指数,592472.2322761209,7.5%多IF + 7.5%空IM
3577,2024-09-24,464880.1275219524,空仓,500574.9671505275,满仓沪深300指数,540628.4455817203,满仓沪深300指数,530417.419923469,空仓,593806.7760845404,5%多IF + 5%空IM
3578,2024-09-25,471762.5373511421,满仓沪深300指数,507985.8282955878,满仓沪深300指数,545717.4165840263,满仓中证1000指数,538270.0895652409,满仓沪深300指数,595407.5699813141,5%多IF + 5%空IM
3579,2024-09-26,491704.5777967658,满仓沪深300指数,529459.0762362867,满仓沪深300指数,568785.6297882886,满仓沪深300指数,561023.4941849678,满仓沪深300指数,596381.5127257105,7.5%多IF + 7.5%空IM
3580,2024-09-27,513668.3330642716,满仓沪深300指数,557952.7073364247,满仓中证1000指数,599395.6781143172,满仓中证1000指数,586083.6284241342,满仓沪深300指数,596381.5127257105,空仓
3581,2024-09-30,557240.8774595761,满仓沪深300指数,620128.7885615329,满仓中证1000指数,666190.0029350108,满仓中证1000指数,651394.5101645696,满仓中证1000指数,608283.747941149,7.5%多IM + 7.5%空IF
3582,2024-10-08,605378.3925737373,满仓中证1000指数,673698.9054348643,满仓中证1000指数,723739.1394617251,满仓中证1000指数,707665.5310941197,满仓中证1000指数,620642.4248020794,7.5%多IM + 7.5%空IF
3583,2024-10-09,559051.9606929374,满仓中证1000指数,622144.2631918375,满仓中证1000指数,668355.1806765452,满仓中证1000指数,653511.6012169005,满仓中证1000指数,617844.3025148147,7.5%多IM + 7.5%空IF
3584,2024-10-10,551941.0221578878,满仓中证1000指数,614230.8134115929,满仓中证1000指数,675417.8787762523,满仓沪深300指数,660417.4430170329,满仓沪深300指数,617844.3025148147,空仓
3585,2024-10-11,528731.9781258393,满仓中证1000指数,588402.4922286954,满仓中证1000指数,656728.7097919948,满仓沪深300指数,642143.3440028649,满仓沪深300指数,617844.3025148147,空仓
3586,2024-10-14,538821.3069275798,满仓沪深300指数,599630.4611382021,满仓沪深300指数,669260.4880099887,满仓沪深300指数,654396.8024724263,满仓沪深300指数,609663.0485278292,7.5%多IF + 7.5%空IM
3587,2024-10-15,528403.211164263,满仓中证1000指数,583683.9552252679,满仓沪深300指数,669260.4880099887,空仓,641744.0575499202,满仓中证1000指数,611875.7947572098,5%多IM + 5%空IF
3588,2024-10-16,530041.8900607732,满仓中证1000指数,579989.6214379404,满仓沪深300指数,669260.4880099887,空仓,643734.227976309,满仓中证1000指数,614760.9511398282,5%多IM + 5%空IF
3589,2024-10-17,528253.4457305344,满仓中证1000指数,573425.0906623835,满仓沪深300指数,661685.5575146575,满仓沪深300指数,641562.1678961652,满仓中证1000指数,614760.9511398282,空仓
3590,2024-10-18,551647.4416555422,满仓中证1000指数,594164.7138342168,满仓沪深300指数,661685.5575146575,空仓,669974.1032327084,满仓中证1000指数,617256.1367287713,5%多IM + 5%空IF
3591,2024-10-21,562310.8288092922,满仓中证1000指数,605649.9631044698,满仓中证1000指数,674475.9898470338,满仓中证1000指数,682924.7537864688,满仓中证1000指数,625029.7594991369,7.5%多IM + 7.5%空IF
3592,2024-10-22,565020.7589653552,满仓中证1000指数,608568.7564389511,满仓中证1000指数,677726.4746870595,满仓中证1000指数,686215.955537868,满仓中证1000指数,624599.332059469,7.5%多IM + 7.5%空IF
3593,2024-10-23,565020.7589653552,空仓,610094.4632476771,满仓中证1000指数,679425.562729197,满仓中证1000指数,686215.955537868,空仓,623947.0288835927,7.5%多IM + 7.5%空IF
3594,2024-10-24,561006.1451905427,满仓中证1000指数,605759.5895333448,满仓中证1000指数,679425.562729197,空仓,686215.955537868,空仓,625848.552811783,7.5%多IM + 7.5%空IF
3595,2024-10-25,571847.6524518406,满仓中证1000指数,617465.962172625,满仓中证1000指数,679425.562729197,空仓,686215.955537868,空仓,631623.546828461,7.5%多IM + 7.5%空IF
3596,2024-10-28,582105.5694895843,满仓中证1000指数,628542.1895322028,满仓中证1000指数,691613.2337389777,满仓中证1000指数,698525.4339657371,满仓中证1000指数,639194.9391602421,7.5%多IM + 7.5%空IF
3597,2024-10-29,572702.1159781212,满仓中证1000指数,618388.5892764246,满仓中证1000指数,691613.2337389777,空仓,687241.3099353983,满仓中证1000指数,636228.47102169,7.5%多IM + 7.5%空IF
3598,2024-10-30,576100.7901631433,满仓中证1000指数,622058.3877214618,满仓中证1000指数,685410.132949179,满仓沪深300指数,681077.4210673444,满仓沪深300指数,636228.47102169,空仓
3599,2024-10-31,585414.7278099891,满仓中证1000指数,632115.3311155066,满仓中证1000指数,685410.132949179,空仓,692088.5370748393,满仓中证1000指数,643747.8192616461,7.5%多IM + 7.5%空IF
3600,2024-11-01,567571.7266218965,满仓中证1000指数,612848.9306163267,满仓中证1000指数,664519.3469207954,满仓中证1000指数,670994.1983049752,满仓中证1000指数,629158.5843006214,7.5%多IM + 7.5%空IF
3601,2024-11-04,579332.3195753999,满仓中证1000指数,625547.7076640599,满仓中证1000指数,673870.6740286255,满仓沪深300指数,680436.641576012,满仓沪深300指数,629158.5843006214,空仓
3602,2024-11-05,599759.3843101062,满仓中证1000指数,647604.3115981647,满仓中证1000指数,673870.6740286255,空仓,704428.6110479143,满仓中证1000指数,633857.2700678937,7.5%多IM + 7.5%空IF
3603,2024-11-06,602310.1031253687,满仓中证1000指数,650358.5102745868,满仓中证1000指数,676736.5810110992,满仓中证1000指数,707424.4779892477,满仓中证1000指数,638263.8559240736,7.5%多IM + 7.5%空IF
3604,2024-11-07,612907.3152466734,满仓中证1000指数,661801.0994865446,满仓中证1000指数,676736.5810110992,空仓,719871.1017701789,满仓中证1000指数,632243.9468782642,7.5%多IM + 7.5%空IF
3605,2024-11-08,614745.3143563528,满仓中证1000指数,663785.7222857546,满仓中证1000指数,676736.5810110992,空仓,712639.181869086,满仓沪深300指数,636367.742959093,5%多IM + 5%空IF
3606,2024-11-11,629664.6602189,满仓中证1000指数,679895.2371338193,满仓中证1000指数,693160.4021841217,满仓中证1000指数,729934.3286253319,满仓中证1000指数,644801.092411641,7.5%多IM + 7.5%空IF
3607,2024-11-12,621334.8802586498,满仓中证1000指数,670900.961165754,满仓中证1000指数,683990.6424816397,满仓中证1000指数,720278.0897937478,满仓中证1000指数,643716.8376800596,7.5%多IM + 7.5%空IF
3608,2024-11-13,619652.5026563667,满仓中证1000指数,669084.3743519804,满仓中证1000指数,683990.6424816397,空仓,720278.0897937478,空仓,639438.1207897892,7.5%多IM + 7.5%空IF
3609,2024-11-14,600300.0207006226,满仓中证1000指数,648188.076465651,满仓中证1000指数,672132.213797227,满仓沪深300指数,707790.5412363951,满仓沪深300指数,639438.1207897892,空仓
3610,2024-11-15,589780.658131176,满仓沪深300指数,636829.5471396378,满仓沪深300指数,660354.0991749989,满仓沪深300指数,695387.5676069745,满仓沪深300指数,642249.4197512219,7.5%多IF + 7.5%空IM
3611,2024-11-18,575246.3089163541,满仓中证1000指数,633869.0700866387,满仓沪深300指数,657284.2617809233,满仓沪深300指数,692154.8675130672,满仓沪深300指数,648670.268896478,5%多IF + 5%空IM
3612,2024-11-19,579106.7280357569,满仓沪深300指数,638122.9005579201,满仓沪深300指数,661695.229207801,满仓沪深300指数,696799.8480070205,满仓沪深300指数,639254.4168274504,7.5%多IF + 7.5%空IM
3613,2024-11-20,579106.7280357569,空仓,639548.0058113163,满仓沪深300指数,674703.8013059829,满仓中证1000指数,710498.5580183555,满仓中证1000指数,644824.2996080101,5%多IM + 5%空IF
3614,2024-11-21,579106.7280357569,空仓,640113.651371106,满仓沪深300指数,675930.1473228342,满仓中证1000指数,711789.9648177805,满仓中证1000指数,645125.1619502505,5%多IM + 5%空IF
3615,2024-11-22,579106.7280357569,空仓,616431.8875519092,满仓中证1000指数,675930.1473228342,空仓,711789.9648177805,空仓,643185.4185367466,5%多IM + 5%空IF
3616,2024-11-25,579106.7280357569,空仓,618643.9628964175,满仓中证1000指数,672851.3306995167,满仓沪深300指数,708547.8091236288,满仓沪深300指数,640566.5448483952,5%多IF + 5%空IM
3617,2024-11-26,579106.7280357569,空仓,617372.9110874668,满仓沪深300指数,665006.8870622619,满仓中证1000指数,700287.1977532208,满仓中证1000指数,637490.5659946831,5%多IM + 5%空IF
3618,2024-11-27,579106.7280357569,空仓,628121.756796713,满仓沪深300指数,676585.0698691938,满仓沪深300指数,712479.6326748485,满仓沪深300指数,634856.7433984774,7.5%多IF + 7.5%空IM
3619,2024-11-28,579106.7280357569,空仓,622576.2462722757,满仓沪深300指数,672982.6395868319,满仓中证1000指数,708686.084282168,满仓中证1000指数,635969.1039619821,5%多IM + 5%空IF
3620,2024-11-29,579106.7280357569,空仓,629655.2277030494,满仓沪深300指数,672982.6395868319,空仓,708686.084282168,空仓,634200.9976555129,5%多IF + 5%空IM
3621,2024-12-02,590754.1310423719,满仓中证1000指数,642319.2977910531,满仓中证1000指数,686518.1411450859,满仓中证1000指数,722939.6787047571,满仓中证1000指数,639996.8891865523,7.5%多IM + 7.5%空IF
3622,2024-12-03,589787.3917553369,满仓中证1000指数,641268.1747140132,满仓中证1000指数,686518.1411450859,空仓,721756.6244477737,满仓中证1000指数,638693.5156351287,7.5%多IM + 7.5%空IF
3623,2024-12-04,580586.7180328426,满仓中证1000指数,631264.4016143491,满仓中证1000指数,682811.9529204592,满仓沪深300指数,721756.6244477737,空仓,635435.7141990808,5%多IM + 5%空IF
3624,2024-12-05,580586.7180328426,空仓,629823.9896506399,满仓沪深300指数,681253.9203378597,满仓沪深300指数,720109.7283546592,满仓沪深300指数,628153.4122908282,7.5%多IF + 7.5%空IM
3625,2024-12-06,586500.1375606135,满仓中证1000指数,638103.52779083,满仓沪深300指数,688192.6602552073,满仓中证1000指数,727444.2243007915,满仓中证1000指数,626758.6530563551,7.5%多IM + 7.5%空IF
3626,2024-12-09,582218.9852764565,满仓中证1000指数,637048.4055905134,满仓沪深300指数,688192.6602552073,空仓,727444.2243007915,空仓,626758.6530563551,空仓
3627,2024-12-10,587645.4236164447,满仓中证1000指数,641716.5468125822,满仓沪深300指数,693235.5745736014,满仓沪深300指数,727444.2243007915,空仓,626134.2431791554,5%多IF + 5%空IM
3628,2024-12-11,595529.3887543585,满仓中证1000指数,640623.4577510458,满仓沪深300指数,693235.5745736014,空仓,727444.2243007915,空仓,626134.2431791554,空仓
3629,2024-12-12,599480.0585090654,满仓中证1000指数,646995.2735379714,满仓沪深300指数,693235.5745736014,空仓,732270.0010793188,满仓中证1000指数,625097.2414513781,5%多IM + 5%空IF
3630,2024-12-13,586995.8936834969,满仓中证1000指数,631685.8273497148,满仓沪深300指数,693235.5745736014,空仓,732270.0010793188,空仓,625097.2414513781,空仓
3631,2024-12-16,579839.9710557499,满仓中证1000指数,628258.6596469281,满仓沪深300指数,693235.5745736014,空仓,732270.0010793188,空仓,625097.2414513781,空仓
3632,2024-12-17,579839.9710557499,空仓,614890.6108887973,满仓中证1000指数,695041.7106730128,满仓沪深300指数,734177.8363549088,满仓沪深300指数,632561.9368198838,5%多IF + 5%空IM
3633,2024-12-18,579839.9710557499,空仓,620087.2148369278,满仓中证1000指数,698560.5907600998,满仓沪深300指数,737894.8561093466,满仓沪深300指数,631490.2400242751,5%多IF + 5%空IM
3634,2024-12-19,580365.6219837483,满仓沪深300指数,621219.9790405813,满仓中证1000指数,699193.8672521077,满仓沪深300指数,739242.8291993586,满仓中证1000指数,631490.2400242751,空仓
3635,2024-12-20,577759.1524011052,满仓沪深300指数,627681.8941651369,满仓中证1000指数,699193.8672521077,空仓,739242.8291993586,空仓,631490.2400242751,空仓
3636,2024-12-23,577759.1524011052,空仓,610130.5392464931,满仓中证1000指数,679642.8815774244,满仓中证1000指数,718571.9871901311,满仓中证1000指数,617544.1372491827,7.5%多IM + 7.5%空IF
3637,2024-12-24,577759.1524011052,空仓,617904.0203755507,满仓沪深300指数,688301.9975773629,满仓沪深300指数,727727.0866696461,满仓沪深300指数,618280.5304250974,7.5%多IF + 7.5%空IM
3638,2024-12-25,577759.1524011052,空仓,610920.0383509361,满仓中证1000指数,688637.346450073,满仓沪深300指数,727727.0866696461,空仓,618280.5304250974,空仓
3639,2024-12-26,577759.1524011052,空仓,611203.7609359071,满仓沪深300指数,688957.1623928758,满仓沪深300指数,728065.0566120639,满仓沪深300指数,613492.1822345315,7.5%多IF + 7.5%空IM
3640,2024-12-27,577759.1524011052,空仓,610215.1923570244,满仓沪深300指数,688957.1623928758,空仓,729378.4912868808,满仓中证1000指数,613492.1822345315,空仓
3641,2024-12-30,580374.9690826264,满仓沪深300指数,612977.9544402411,满仓沪深300指数,688957.1623928758,空仓,729378.4912868808,空仓,616155.2355626433,5%多IF + 5%空IM
3642,2024-12-31,571065.8765725846,满仓沪深300指数,603145.9168981671,满仓沪深300指数,677906.4343259695,满仓沪深300指数,717679.4136010242,满仓沪深300指数,622894.6808348591,7.5%多IF + 7.5%空IM
3643,2025-01-02,485448.75565035036,满仓沪深300指数,485448.75565035036,满仓沪深300指数,485448.75565035036,满仓沪深300指数,485448.75565035036,满仓沪深300指数,499197.0793683388,7.5%多IF + 7.5%空IM
3644,2025-01-03,485448.75565035036,空仓,479701.43364618503,满仓沪深300指数,479701.43364618503,满仓沪深300指数,485448.75565035036,空仓,503642.47170539136,5%多IF + 5%空IM
3645,2025-01-06,485448.75565035036,空仓,478914.2366603524,满仓沪深300指数,478914.2366603524,满仓沪深300指数,484652.1272260417,满仓沪深300指数,504175.8798227355,7.5%多IF + 7.5%空IM
3646,2025-01-07,485448.75565035036,空仓,482362.3198177118,满仓沪深300指数,482362.3198177118,满仓沪深300指数,484652.1272260417,空仓,502214.6622601741,5%多IF + 5%空IM
3647,2025-01-08,485448.75565035036,空仓,481486.7980873468,满仓沪深300指数,482362.3198177118,空仓,484652.1272260417,空仓,503093.8952309286,5%多IF + 5%空IM
3648,2025-01-09,485448.75565035036,空仓,480300.2400892991,满仓沪深300指数,481173.60421676456,满仓沪深300指数,484652.1272260417,空仓,501985.26051931916,5%多IF + 5%空IM
3649,2025-01-10,485448.75565035036,空仓,469474.32789649506,满仓中证1000指数,470328.00649693573,满仓中证1000指数,484652.1272260417,空仓,498220.11938935326,7.5%多IM + 7.5%空IF
3650,2025-01-13,485448.75565035036,空仓,470706.80773845967,满仓中证1000指数,469071.9942252152,满仓沪深300指数,483357.86234939686,满仓沪深300指数,496900.8981385813,5%多IF + 5%空IM
3651,2025-01-14,485448.75565035036,空仓,492007.63440941763,满仓中证1000指数,490298.84091816464,满仓中证1000指数,505231.18535361823,满仓中证1000指数,503951.7109539902,7.5%多IM + 7.5%空IF
3652,2025-01-15,485448.75565035036,空仓,489003.3256223756,满仓中证1000指数,490298.84091816464,空仓,502146.1306034668,满仓中证1000指数,504068.8859657829,7.5%多IM + 7.5%空IF
3653,2025-01-16,485448.75565035036,空仓,491182.1767870685,满仓中证1000指数,490861.6732668328,满仓沪深300指数,502146.1306034668,空仓,504068.8859657829,空仓
3654,2025-01-17,488818.2421835006,满仓中证1000指数,494591.45883948664,满仓中证1000指数,492406.34944349556,满仓沪深300指数,502146.1306034668,空仓,505025.1313837207,5%多IM + 5%空IF
3655,2025-01-20,491962.71526167094,满仓中证1000指数,497773.0699022545,满仓中证1000指数,495573.90412072866,满仓中证1000指数,505376.33940651163,满仓中证1000指数,505739.5375981247,7.5%多IM + 7.5%空IF
3656,2025-01-21,494378.8610399326,满仓中证1000指数,500217.7517126168,满仓中证1000指数,495573.90412072866,空仓,505376.33940651163,空仓,507311.3930845271,7.5%多IM + 7.5%空IF
3657,2025-01-22,490003.7677035558,满仓中证1000指数,495790.98607856105,满仓中证1000指数,495573.90412072866,空仓,500903.9219365395,满仓中证1000指数,507478.22493049013,7.5%多IM + 7.5%空IF
3658,2025-01-23,487768.99666076055,满仓中证1000指数,493529.82114066696,满仓中证1000指数,493313.72923333064,满仓中证1000指数,500903.9219365395,空仓,505068.0375628026,7.5%多IM + 7.5%空IF
3659,2025-01-24,496898.16657546436,满仓中证1000指数,497308.0696409543,满仓沪深300指数,497090.32342846785,满仓沪深300指数,504738.6233279786,满仓沪深300指数,502274.85668667784,5%多IF + 5%空IM
3660,2025-01-27,489194.53095417895,满仓中证1000指数,489598.0791082021,满仓中证1000指数,489383.70871311997,满仓中证1000指数,496913.43358154496,满仓中证1000指数,497985.8650608323,7.5%多IM + 7.5%空IF
3661,2025-02-05,492154.0980332904,满仓中证1000指数,486776.83747193345,满仓沪深300指数,486563.70235678816,满仓沪深300指数,494050.0382206093,满仓沪深300指数,495044.7007232706,5%多IF + 5%空IM
3662,2025-02-06,505576.00418418815,满仓中证1000指数,492901.0587141142,满仓沪深300指数,486563.70235678816,空仓,507523.6499884339,满仓中证1000指数,498680.94939341187,5%多IM + 5%空IF
3663,2025-02-07,513292.9699071389,满仓中证1000指数,500424.557739826,满仓中证1000指数,493990.469810236,满仓中证1000指数,515270.3440129406,满仓中证1000指数,499535.91385118716,7.5%多IM + 7.5%空IF
3664,2025-02-10,519693.8119325755,满仓中证1000指数,506664.9286927364,满仓中证1000指数,493990.469810236,空仓,515270.3440129406,空仓,503403.37164146133,7.5%多IM + 7.5%空IF
3665,2025-02-11,517988.99820219335,满仓中证1000指数,505002.85516539076,满仓中证1000指数,493990.469810236,空仓,513580.04111311317,满仓中证1000指数,503899.81299567677,7.5%多IM + 7.5%空IF
3666,2025-02-12,525891.3971033648,满仓中证1000指数,512707.1385026785,满仓中证1000指数,498662.6071567507,满仓沪深300指数,513580.04111311317,空仓,505360.61099129723,5%多IM + 5%空IF
3667,2025-02-13,519856.9613313014,满仓中证1000指数,510781.55443875026,满仓沪深300指数,492940.6130503789,满仓中证1000指数,507686.87421785475,满仓中证1000指数,502434.9667478179,7.5%多IM + 7.5%空IF
3668,2025-02-14,522897.672161731,满仓中证1000指数,515211.48732689425,满仓沪深300指数,497215.8140921494,满仓沪深300指数,512089.9674020789,满仓沪深300指数,503144.3351699079,5%多IF + 5%空IM
3669,2025-02-17,525636.6022096988,满仓中证1000指数,516308.8501115583,满仓沪深300指数,497215.8140921494,空仓,513180.6815776158,满仓沪深300指数,502362.4343017664,5%多IF + 5%空IM
3670,2025-02-18,513969.3909794074,满仓中证1000指数,504848.6808824809,满仓中证1000指数,497215.8140921494,空仓,513180.6815776158,空仓,497303.4525165435,7.5%多IM + 7.5%空IF
3671,2025-02-19,526219.2774383028,满仓中证1000指数,508381.0500796382,满仓沪深300指数,500694.77698251174,满仓沪深300指数,516771.3488425321,满仓沪深300指数,493116.9043461467,5%多IF + 5%空IM
3672,2025-02-20,530058.924104644,满仓中证1000指数,512090.5371468394,满仓中证1000指数,504348.17987693683,满仓中证1000指数,520542.0571231243,满仓中证1000指数,496872.79452222853,7.5%多IM + 7.5%空IF
3673,2025-02-21,539666.437981433,满仓中证1000指数,521372.3673700003,满仓中证1000指数,504348.17987693683,空仓,529977.0742690207,满仓中证1000指数,498927.6743821699,7.5%多IM + 7.5%空IF
3674,2025-02-24,540904.5224271383,满仓中证1000指数,522568.48217913264,满仓中证1000指数,505505.23837229365,满仓中证1000指数,531192.9297049955,满仓中证1000指数,500606.9760205168,7.5%多IM + 7.5%空IF
3675,2025-02-25,538511.7064187719,满仓中证1000指数,520256.7798771901,满仓中证1000指数,505505.23837229365,空仓,528843.0751686981,满仓中证1000指数,503113.85667398036,7.5%多IM + 7.5%空IF
3676,2025-02-26,545957.2585525716,满仓中证1000指数,527449.9363701078,满仓中证1000指数,505505.23837229365,空仓,536154.947203854,满仓中证1000指数,505034.9103703784,7.5%多IM + 7.5%空IF
3677,2025-02-27,543875.6874478118,满仓中证1000指数,525438.9281280594,满仓中证1000指数,503577.89867487823,满仓中证1000指数,534110.7493691511,满仓中证1000指数,502808.8339254854,7.5%多IM + 7.5%空IF
3678,2025-02-28,524703.8130742013,满仓中证1000指数,515101.6428965572,满仓沪深300指数,493670.69900577806,满仓沪深300指数,523602.858031312,满仓沪深300指数,506724.92344804486,5%多IF + 5%空IM
3679,2025-03-03,524975.8793613624,满仓中证1000指数,514893.1021712451,满仓沪深300指数,493470.8346740374,满仓沪深300指数,523390.8755589297,满仓沪深300指数,506490.9767673149,5%多IF + 5%空IM
3680,2025-03-04,524975.8793613624,空仓,514462.35547022236,满仓沪深300指数,500074.74057023315,满仓中证1000指数,523390.8755589297,空仓,506490.9767673149,空仓
3681,2025-03-05,528329.1589152673,满仓中证1000指数,517748.4799678862,满仓中证1000指数,500074.74057023315,空仓,526734.0309127475,满仓中证1000指数,507221.04682609846,7.5%多IM + 7.5%空IF
3682,2025-03-06,539619.8647844053,满仓中证1000指数,528813.070484739,满仓中证1000指数,506951.53122966783,满仓沪深300指数,526734.0309127475,空仓,509153.32171864813,5%多IM + 5%空IF
3683,2025-03-07,537373.302161773,满仓中证1000指数,526611.4990526251,满仓中证1000指数,506951.53122966783,空仓,524541.1150044537,满仓中证1000指数,508743.28238880483,7.5%多IM + 7.5%空IF
3684,2025-03-10,538463.9419006498,满仓中证1000指数,527680.2968985655,满仓中证1000指数,504996.1630230082,满仓沪深300指数,524541.1150044537,空仓,510240.6884582201,5%多IM + 5%空IF
3685,2025-03-11,541004.055724956,满仓中证1000指数,530169.540676403,满仓中证1000指数,507378.3981832467,满仓中证1000指数,527015.5502153551,满仓中证1000指数,510817.27722985856,7.5%多IM + 7.5%空IF
3686,2025-03-12,542261.9742329892,满仓中证1000指数,531402.2672531357,满仓中证1000指数,507378.3981832467,空仓,527015.5502153551,空仓,513086.80509498727,7.5%多IM + 7.5%空IF
3687,2025-03-13,533994.8952855981,满仓中证1000指数,523300.7504495311,满仓中证1000指数,507378.3981832467,空仓,518980.9113006575,满仓中证1000指数,508753.7914257435,7.5%多IM + 7.5%空IF
3688,2025-03-14,533994.8952855981,空仓,531742.3598929689,满仓中证1000指数,519698.09756288334,满仓沪深300指数,531582.332318753,满仓沪深300指数,510826.8663196553,5%多IF + 5%空IM
3689,2025-03-17,535489.7170986731,满仓中证1000指数,530445.8240700688,满仓沪深300指数,519698.09756288334,空仓,530286.1866876042,满仓沪深300指数,509489.11374461034,5%多IF + 5%空IM
3690,2025-03-18,537306.8290867246,满仓中证1000指数,531897.1356734058,满仓沪深300指数,519698.09756288334,空仓,530286.1866876042,空仓,509489.11374461034,空仓
3691,2025-03-19,533467.1715346407,满仓中证1000指数,532221.644557599,满仓沪深300指数,519698.09756288334,空仓,530286.1866876042,空仓,509489.11374461034,空仓
3692,2025-03-20,528787.7296959604,满仓沪深300指数,527553.1281729271,满仓沪深300指数,515139.43462918786,满仓沪深300指数,525634.6476597728,满仓沪深300指数,507861.0693302764,7.5%多IF + 7.5%空IM
3693,2025-03-21,520766.608568794,满仓沪深300指数,519550.7345763063,满仓沪深300指数,515139.43462918786,空仓,525634.6476597728,空仓,509039.27164179605,5%多IF + 5%空IM
3694,2025-03-24,520766.608568794,空仓,522225.40127425245,满仓沪深300指数,517791.39178930066,满仓沪深300指数,525634.6476597728,空仓,512148.29207810573,5%多IF + 5%空IM
3695,2025-03-25,520428.6597249731,满仓沪深300指数,521886.5057543197,满仓沪深300指数,517455.3736972872,满仓沪深300指数,525293.5397267257,满仓沪深300指数,514893.0657389836,7.5%多IF + 7.5%空IM
3696,2025-03-26,520428.6597249731,空仓,520169.3333694949,满仓沪深300指数,515752.7811445101,满仓沪深300指数,523565.1571178634,满仓沪深300指数,512145.0434337992,7.5%多IF + 7.5%空IM
3697,2025-03-27,520428.6597249731,空仓,521901.98067800264,满仓沪深300指数,515752.7811445101,空仓,523057.60144457524,满仓中证1000指数,512145.0434337992,空仓
3698,2025-03-28,518146.3319485383,满仓沪深300指数,519613.1916868137,满仓沪深300指数,513490.9593247785,满仓沪深300指数,520763.74450540676,满仓沪深300指数,514129.1087011283,7.5%多IF + 7.5%空IM
3699,2025-03-31,518146.3319485383,空仓,515915.5874092969,满仓沪深300指数,509836.92128640256,满仓沪深300指数,517057.9528125363,满仓沪深300指数,513948.67124229716,7.5%多IF + 7.5%空IM
3700,2025-04-01,518146.3319485383,空仓,515965.82118814724,满仓沪深300指数,509886.5631963947,满仓沪深300指数,517057.9528125363,空仓,512618.58907845424,5%多IF + 5%空IM
3701,2025-04-02,518146.3319485383,空仓,517430.55134043284,满仓中证1000指数,509886.5631963947,空仓,517057.9528125363,空仓,513563.65514036675,5%多IM + 5%空IF
3702,2025-04-03,518146.3319485383,空仓,511331.07686070254,满仓中证1000指数,506882.8892838587,满仓沪深300指数,510962.87052651437,满仓中证1000指数,512049.37698444317,5%多IM + 5%空IF
3703,2025-04-07,518146.3319485383,空仓,475305.16930932296,满仓沪深300指数,471170.3794539679,满仓沪深300指数,510962.87052651437,空仓,523183.19948158244,5%多IF + 5%空IM
3704,2025-04-08,518146.3319485383,空仓,483424.80569327006,满仓沪深300指数,479219.38123867783,满仓沪深300指数,519691.6472835648,满仓沪深300指数,527489.3692705528,7.5%多IF + 7.5%空IM
3705,2025-04-09,518146.3319485383,空仓,488196.5142340416,满仓沪深300指数,483949.5795806528,满仓沪深300指数,524821.3324852878,满仓沪深300指数,522644.2135663892,7.5%多IF + 7.5%空IM
3706,2025-04-10,518146.3319485383,空仓,494595.03940399765,满仓沪深300指数,495273.1838731053,满仓中证1000指数,537101.2668917824,满仓中证1000指数,525333.7041346449,5%多IM + 5%空IF
3707,2025-04-11,518146.3319485383,空仓,496634.4825683823,满仓沪深300指数,501917.4524254035,满仓中证1000指数,544306.6742774625,满仓中证1000指数,527774.3783574324,5%多IM + 5%空IF
3708,2025-04-14,518146.3319485383,空仓,503101.75787546975,满仓中证1000指数,508453.52364115947,满仓中证1000指数,551394.7465672332,满仓中证1000指数,532018.6292355215,7.5%多IM + 7.5%空IF
3709,2025-04-15,518146.3319485383,空仓,501026.3632053695,满仓中证1000指数,508453.52364115947,空仓,549120.1337275179,满仓中证1000指数,530150.4984263558,7.5%多IM + 7.5%空IF
3710,2025-04-16,518146.3319485383,空仓,494360.6776737141,满仓中证1000指数,510019.69524615933,满仓沪深300指数,549120.1337275179,空仓,530150.4984263558,空仓
3711,2025-04-17,518146.3319485383,空仓,494282.2811527845,满仓沪深300指数,509938.8154927351,满仓沪深300指数,549033.0533629161,满仓沪深300指数,529800.1784948076,7.5%多IF + 7.5%空IM
3712,2025-04-18,518146.3319485383,空仓,494321.7087194696,满仓沪深300指数,509938.8154927351,空仓,549033.0533629161,空仓,530178.633147991,5%多IF + 5%空IM
3713,2025-04-21,518146.3319485383,空仓,495940.9513185662,满仓沪深300指数,511609.2148266379,满仓沪深300指数,549033.0533629161,空仓,525548.9703145738,5%多IF + 5%空IM
3714,2025-04-22,517856.89917234366,满仓中证1000指数,495819.3010928751,满仓沪深300指数,511323.43363656907,满仓中证1000指数,548726.3674885611,满仓中证1000指数,525425.479058871,7.5%多IM + 7.5%空IF
3715,2025-04-23,520927.0574981569,满仓中证1000指数,498758.80765884364,满仓中证1000指数,511719.3899927941,满仓沪深300指数,548726.3674885611,空仓,526779.555386462,5%多IM + 5%空IF
3716,2025-04-24,515346.98750901344,满仓中证1000指数,493416.19967874663,满仓中证1000指数,511719.3899927941,空仓,542848.5166620363,满仓中证1000指数,522810.9175084091,7.5%多IM + 7.5%空IF
3717,2025-04-25,517002.97194578673,满仓中证1000指数,495001.71306550247,满仓中证1000指数,512075.86949122575,满仓沪深300指数,543226.6816695157,满仓沪深300指数,522810.9175084091,空仓
3718,2025-04-28,511567.4137893815,满仓中证1000指数,494299.15454063466,满仓沪深300指数,512075.86949122575,空仓,543226.6816695157,空仓,522810.9175084091,空仓
3719,2025-04-29,510682.41576214734,满仓沪深300指数,493444.0301428714,满仓沪深300指数,511189.9918491433,满仓沪深300指数,542286.9139504241,满仓沪深300指数,520376.24389340787,7.5%多IF + 7.5%空IM
3720,2025-04-30,510072.82891536684,满仓沪深300指数,492855.0202590113,满仓沪深300指数,511189.9918491433,空仓,546580.07369493,满仓中证1000指数,518005.81582340633,5%多IF + 5%空IM
3721,2025-05-06,523172.0304851677,满仓中证1000指数,505512.05056738755,满仓中证1000指数,524317.8833267891,满仓中证1000指数,560616.8193388631,满仓中证1000指数,524070.54124942154,7.5%多IM + 7.5%空IF
3722,2025-05-07,523906.9066900163,满仓中证1000指数,506222.1205932673,满仓中证1000指数,525054.3690595529,满仓中证1000指数,561404.292553339,满仓中证1000指数,522240.2455805455,7.5%多IM + 7.5%空IF
3723,2025-05-08,527900.2098425643,满仓中证1000指数,510080.6274467581,满仓中证1000指数,527968.9374379046,满仓沪深300指数,561404.292553339,空仓,522781.0717645556,5%多IM + 5%空IF
3724,2025-05-09,521385.4904957218,满仓中证1000指数,503785.81628714915,满仓中证1000指数,527968.9374379046,空仓,561404.292553339,空仓,518628.2712545439,7.5%多IM + 7.5%空IF
3725,2025-05-12,528704.5831765198,满仓中证1000指数,509608.45774990506,满仓沪深300指数,534071.0818945102,满仓沪深300指数,567892.8752119009,满仓沪深300指数,517985.1711116238,5%多IF + 5%空IM
3726,2025-05-13,527294.3409518803,满仓中证1000指数,510348.3483046634,满仓沪深300指数,534071.0818945102,空仓,567892.8752119009,空仓,517985.1711116238,空仓
3727,2025-05-14,528096.716897026,满仓中证1000指数,516498.3848214351,满仓沪深300指数,540506.9931051844,满仓沪深300指数,574736.3614929278,满仓沪深300指数,520712.0986031839,5%多IF + 5%空IM
3728,2025-05-15,523273.84317944327,满仓沪深300指数,511781.43354030256,满仓沪深300指数,535570.7818245431,满仓沪深300指数,569487.5485317899,满仓沪深300指数,523696.33958952664,7.5%多IF + 7.5%空IM
3729,2025-05-16,520847.94236010854,满仓沪深300指数,509408.81160414376,满仓沪深300指数,533087.8723205144,满仓沪深300指数,566847.4006845558,满仓沪深300指数,521156.9035715003,7.5%多IF + 7.5%空IM
3730,2025-05-19,519248.857774161,满仓沪深300指数,507844.8469374294,满仓沪深300指数,533087.8723205144,空仓,569390.1687717527,满仓中证1000指数,519187.9823332024,5%多IF + 5%空IM
3731,2025-05-20,522064.6694705845,满仓沪深300指数,510598.8163271835,满仓沪深300指数,533087.8723205144,空仓,574124.3653239239,满仓中证1000指数,518437.32797343045,5%多IF + 5%空IM
3732,2025-05-21,524503.4807139597,满仓沪深300指数,512984.065142001,满仓沪深300指数,533087.8723205144,空仓,574124.3653239239,空仓,520231.8051712367,5%多IF + 5%空IM
3733,2025-05-22,524166.57757375063,满仓沪深300指数,507456.3647997556,满仓中证1000指数,532745.4551873665,满仓沪深300指数,573755.5893125905,满仓沪深300指数,522867.6249779107,5%多IF + 5%空IM
3734,2025-05-23,519935.73518929223,满仓沪深300指数,503360.39991318126,满仓沪深300指数,528445.367870912,满仓沪深300指数,569124.4862063609,满仓沪深300指数,524643.1325063182,7.5%多IF + 7.5%空IM
3735,2025-05-26,516966.95371756796,满仓沪深300指数,500486.26196165546,满仓沪深300指数,528445.367870912,空仓,569124.4862063609,空仓,521432.4160922693,5%多IF + 5%空IM
3736,2025-05-27,516966.95371756796,空仓,497801.11069680227,满仓沪深300指数,528445.367870912,空仓,567205.6690614752,满仓中证1000指数,521432.4160922693,空仓
3737,2025-05-28,516966.95371756796,空仓,497391.3586208616,满仓沪深300指数,528010.3917693055,满仓沪深300指数,567205.6690614752,空仓,522259.3930310566,5%多IF + 5%空IM
3738,2025-05-29,516966.95371756796,空仓,500303.84883769864,满仓沪深300指数,531102.1726652993,满仓沪深300指数,567205.6690614752,空仓,519201.47869435896,5%多IF + 5%空IM
3739,2025-05-30,511617.16329270526,满仓中证1000指数,495126.4951968387,满仓中证1000指数,525606.1050781612,满仓中证1000指数,561335.9873817236,满仓中证1000指数,517035.44279227563,7.5%多IM + 7.5%空IF
3740,2025-06-03,511617.16329270526,空仓,496645.3585645617,满仓沪深300指数,527218.4685178058,满仓沪深300指数,563057.9567703337,满仓沪深300指数,515427.5188891918,7.5%多IF + 7.5%空IM
3741,2025-06-04,511617.16329270526,空仓,500992.8364013352,满仓中证1000指数,527218.4685178058,空仓,567986.7896803059,满仓中证1000指数,517132.4696327252,7.5%多IM + 7.5%空IF
3742,2025-06-05,511617.16329270526,空仓,504580.0259865796,满仓中证1000指数,530993.4378626781,满仓中证1000指数,567986.7896803059,空仓,519026.03246394295,7.5%多IM + 7.5%空IF
3743,2025-06-06,510441.5915117766,满仓中证1000指数,503420.62383526686,满仓中证1000指数,529773.3441164241,满仓中证1000指数,566681.6942108907,满仓中证1000指数,518490.14029087406,7.5%多IM + 7.5%空IF
3744,2025-06-09,515926.84927910694,满仓中证1000指数,508830.4335628564,满仓中证1000指数,529773.3441164241,空仓,566681.6942108907,空仓,521538.5005161004,7.5%多IM + 7.5%空IF
3745,2025-06-10,511175.5658254756,满仓中证1000指数,504144.50255719287,满仓中证1000指数,529773.3441164241,空仓,561462.9982640871,满仓中证1000指数,519927.73504092835,7.5%多IM + 7.5%空IF
3746,2025-06-11,513234.66438190604,满仓中证1000指数,506175.27884394955,满仓中证1000指数,533769.8076506022,满仓沪深300指数,561462.9982640871,空仓,519013.81641005975,5%多IM + 5%空IF
3747,2025-06-12,513708.18495741853,满仓中证1000指数,505859.9773288063,满仓沪深300指数,533769.8076506022,空仓,561462.9982640871,空仓,519013.81641005975,空仓
3748,2025-06-13,506556.0398577461,满仓中证1000指数,502218.67372214055,满仓沪深300指数,533769.8076506022,空仓,561462.9982640871,空仓,519013.81641005975,空仓
3749,2025-06-16,509994.8836924935,满仓中证1000指数,503468.03972993995,满仓沪深300指数,535097.6632015037,满仓沪深300指数,562859.7459785227,满仓沪深300指数,517897.6821860838,5%多IF + 5%空IM
3750,2025-06-17,509497.81899501965,满仓中证1000指数,502977.33639769437,满仓中证1000指数,535097.6632015037,空仓,562859.7459785227,空仓,517861.67737565504,7.5%多IM + 7.5%空IF
3751,2025-06-18,508993.2049138304,满仓中证1000指数,502479.1802977017,满仓中证1000指数,535732.5559969924,满仓沪深300指数,562859.7459785227,空仓,517298.00733278797,5%多IM + 5%空IF
3752,2025-06-19,501762.2641586301,满仓中证1000指数,495340.7801218695,满仓中证1000指数,535732.5559969924,空仓,562859.7459785227,空仓,514978.1955851705,7.5%多IM + 7.5%空IF
3753,2025-06-20,501762.2641586301,空仓,491357.8162913798,满仓中证1000指数,536227.8633539225,满仓沪深300指数,563380.1335674085,满仓沪深300指数,517286.6878517616,5%多IF + 5%空IM
3754,2025-06-23,501762.2641586301,空仓,492795.78713400156,满仓沪深300指数,537797.1475027413,满仓沪深300指数,565028.8795088019,满仓沪深300指数,513337.38463665504,7.5%多IF + 7.5%空IM
3755,2025-06-24,501762.2641586301,空仓,498688.6152272681,满仓沪深300指数,537797.1475027413,空仓,575853.425322389,满仓中证1000指数,513337.38463665504,空仓
3756,2025-06-25,508963.7234043858,满仓沪深300指数,505249.39276565716,满仓中证1000指数,544872.4392535621,满仓中证1000指数,583429.3877624735,满仓中证1000指数,512876.81593718793,7.5%多IM + 7.5%空IF
3757,2025-06-26,507158.3847124355,满仓沪深300指数,502965.33211304503,满仓中证1000指数,544872.4392535621,空仓,583429.3877624735,空仓,512876.81593718793,空仓
3758,2025-06-27,504040.1729087741,满仓沪深300指数,505311.69396467647,满仓中证1000指数,541522.3464171131,满仓沪深300指数,583429.3877624735,空仓,510103.83069523727,5%多IF + 5%空IM
3759,2025-06-30,510403.4927179402,满仓中证1000指数,511691.06625449326,满仓中证1000指数,548358.8647330564,满仓中证1000指数,590794.9668967194,满仓中证1000指数,513536.65332927235,7.5%多IM + 7.5%空IF
3760,2025-07-01,511815.70260330534,满仓中证1000指数,513106.83866265137,满仓中证1000指数,549876.0914381087,满仓中证1000指数,592429.6079295083,满仓中证1000指数,513948.37857750553,7.5%多IM + 7.5%空IF
3761,2025-07-02,506653.65975745727,满仓中证1000指数,507931.7737472883,满仓中证1000指数,550004.8034031698,满仓沪深300指数,592429.6079295083,空仓,511296.4512391618,5%多IM + 5%空IF
3762,2025-07-03,509315.9611802657,满仓中证1000指数,510600.79124650924,满仓中证1000指数,553405.3291703117,满仓沪深300指数,596092.4343894171,满仓沪深300指数,511296.4512391618,空仓
3763,2025-07-04,506871.50653841585,满仓中证1000指数,508150.1700812068,满仓中证1000指数,553405.3291703117,空仓,596092.4343894171,空仓,508089.90365305904,7.5%多IM + 7.5%空IF
3764,2025-07-07,508071.386275891,满仓中证1000指数,505977.2053310188,满仓沪深300指数,551038.8431516981,满仓沪深300指数,593543.4086799993,满仓沪深300指数,506402.1681545891,5%多IF + 5%空IM
3765,2025-07-08,514540.26890648366,满仓中证1000指数,510223.6665175517,满仓沪深300指数,551038.8431516981,空仓,601100.5409071384,满仓中证1000指数,507500.9691704544,5%多IM + 5%空IF
3766,2025-07-09,513156.5254901552,满仓中证1000指数,508851.5316584102,满仓中证1000指数,549556.944809761,满仓中证1000指数,601100.5409071384,空仓,507148.67195249925,7.5%多IM + 7.5%空IF
3767,2025-07-10,514449.537557077,满仓中证1000指数,511225.8105694638,满仓沪深300指数,549556.944809761,空仓,601100.5409071384,空仓,507148.67195249925,空仓
3768,2025-07-11,518828.47546825564,满仓中证1000指数,515577.3084709023,满仓中证1000指数,550212.3937056545,满仓沪深300指数,601100.5409071384,空仓,509004.6342549087,5%多IM + 5%空IF
3769,2025-07-14,518925.2694930142,满仓中证1000指数,515673.4959492709,满仓中证1000指数,550315.0427979404,满仓中证1000指数,601212.6838279495,满仓中证1000指数,508803.8320777413,7.5%多IM + 7.5%空IF
3770,2025-07-15,519105.6554949066,满仓沪深300指数,515852.75158719165,满仓沪深300指数,550315.0427979404,空仓,601212.6838279495,空仓,509658.78575073584,5%多IF + 5%空IM
3771,2025-07-16,517573.4852618772,满仓沪深300指数,517392.3431023961,满仓中证1000指数,551957.4889571868,满仓中证1000指数,599438.1699729564,满仓沪深300指数,509658.78575073584,空仓
3772,2025-07-17,523469.0799620838,满仓中证1000指数,523285.8744419674,满仓中证1000指数,551957.4889571868,空仓,606266.2718727398,满仓中证1000指数,511409.7779922161,7.5%多IM + 7.5%空IF
3773,2025-07-18,524782.8483923905,满仓中证1000指数,524599.1830750525,满仓中证1000指数,551957.4889571868,空仓,607787.8392753529,满仓中证1000指数,510085.2593393075,7.5%多IM + 7.5%空IF
3774,2025-07-21,529603.2991827634,满仓中证1000指数,529417.9467873761,满仓中证1000指数,551957.4889571868,空仓,607787.8392753529,空仓,511048.7646924322,7.5%多IM + 7.5%空IF
3775,2025-07-22,531593.2064634471,满仓中证1000指数,531407.1576334235,满仓中证1000指数,551957.4889571868,空仓,607787.8392753529,空仓,509360.1222050951,7.5%多IM + 7.5%空IF
3776,2025-07-23,529199.7127375545,满仓中证1000指数,529014.501590748,满仓中证1000指数,551957.4889571868,空仓,607907.4060352595,满仓沪深300指数,508163.3256669392,5%多IM + 5%空IF
3777,2025-07-24,536720.5540332969,满仓中证1000指数,536532.7107164273,满仓中证1000指数,555878.7911793978,满仓沪深300指数,612226.1963585657,满仓沪深300指数,508163.3256669392,空仓
3778,2025-07-25,537160.2549336734,满仓中证1000指数,536972.2577287611,满仓中证1000指数,556334.1872009311,满仓中证1000指数,612727.7542134868,满仓中证1000指数,510484.80321656296,7.5%多IM + 7.5%空IF
3779,2025-07-28,539031.991295851,满仓中证1000指数,538843.3390141693,满仓中证1000指数,556334.1872009311,空仓,614862.8057314333,满仓中证1000指数,511015.4580662587,7.5%多IM + 7.5%空IF
3780,2025-07-29,542548.549265414,满仓中证1000指数,542358.6662466046,满仓中证1000指数,556334.1872009311,空仓,614862.8057314333,空仓,512014.5151990284,7.5%多IM + 7.5%空IF
3781,2025-07-30,538111.1407691067,满仓中证1000指数,537922.810769879,满仓中证1000指数,556334.1872009311,空仓,609833.9517387168,满仓中证1000指数,508946.527429589,7.5%多IM + 7.5%空IF
3782,2025-07-31,533522.0900062901,满仓中证1000指数,533335.3660989293,满仓中证1000指数,546196.2846348236,满仓沪深300指数,598721.1398237472,满仓沪深300指数,508946.527429589,空仓
3783,2025-08-01,534265.8283247567,满仓中证1000指数,530631.4405100342,满仓沪深300指数,546196.2846348236,空仓,599555.7666594563,满仓中证1000指数,510591.4062507968,5%多IM + 5%空IF
3784,2025-08-04,539810.0739886265,满仓中证1000指数,536137.9709808029,满仓中证1000指数,551864.3364213355,满仓中证1000指数,605777.5466860263,满仓中证1000指数,513075.679720278,7.5%多IM + 7.5%空IF
3785,2025-08-05,543637.5334454918,满仓中证1000指数,540451.0560797275,满仓沪深300指数,555777.2651996656,满仓中证1000指数,610072.740702485,满仓中证1000指数,512708.44012021,7.5%多IM + 7.5%空IF
3786,2025-08-06,549550.7648789608,满仓中证1000指数,546329.627694913,满仓中证1000指数,557136.4473541287,满仓沪深300指数,610072.740702485,空仓,514869.91796357284,5%多IM + 5%空IF
3787,2025-08-07,549618.0920269182,满仓中证1000指数,546396.5602114849,满仓中证1000指数,557204.7038472877,满仓中证1000指数,610147.482583132,满仓中证1000指数,514806.3793645884,7.5%多IM + 7.5%空IF
3788,2025-08-08,547694.2464065191,满仓中证1000指数,544483.9910209632,满仓中证1000指数,557204.7038472877,空仓,610147.482583132,空仓,514365.0116260418,7.5%多IM + 7.5%空IF
3789,2025-08-11,556168.7447955101,满仓中证1000指数,552908.8169799958,满仓中证1000指数,565826.3579838315,满仓中证1000指数,610147.482583132,空仓,518685.39704115555,7.5%多IM + 7.5%空IF
3790,2025-08-12,557744.5492682359,满仓中证1000指数,554475.3850314368,满仓中证1000指数,567429.5255728785,满仓中证1000指数,611876.2261363686,满仓中证1000指数,517776.28086503746,7.5%多IM + 7.5%空IF
3791,2025-08-13,565811.8649843908,满仓中证1000指数,562495.4149783972,满仓中证1000指数,575636.9264976752,满仓中证1000指数,611876.2261363686,空仓,520323.84574543213,7.5%多IM + 7.5%空IF
3792,2025-08-14,558775.881674462,满仓中证1000指数,555500.6723852762,满仓中证1000指数,568478.7665896498,满仓中证1000指数,604267.4233146807,满仓中证1000指数,515776.1196643258,7.5%多IM + 7.5%空IF
3793,2025-08-15,570070.2310032486,满仓中证1000指数,566728.8210081087,满仓中证1000指数,572434.5534385964,满仓沪深300指数,608472.247253374,满仓沪深300指数,515776.1196643258,空仓
3794,2025-08-18,579689.6112841417,满仓中证1000指数,576291.8182476332,满仓中证1000指数,582093.8293593165,满仓中证1000指数,618739.6241805976,满仓中证1000指数,518892.187078195,7.5%多IM + 7.5%空IF
3795,2025-08-19,580109.9133798128,满仓中证1000指数,576709.656784348,满仓中证1000指数,582515.8746256015,满仓中证1000指数,619188.2393630258,满仓中证1000指数,520646.6442636586,7.5%多IM + 7.5%空IF
3796,2025-08-20,585124.760697437,满仓中证1000指数,581695.110072886,满仓中证1000指数,582515.8746256015,空仓,619188.2393630258,空仓,519582.25707551953,7.5%多IM + 7.5%空IF
3797,2025-08-21,580950.3814110894,满仓中证1000指数,577545.1984958001,满仓中证1000指数,578360.1075749861,满仓中证1000指数,619188.2393630258,空仓,515280.88666848914,7.5%多IM + 7.5%空IF
3798,2025-08-22,589728.4366532312,满仓中证1000指数,586271.8020396619,满仓中证1000指数,590489.1495224277,满仓沪深300指数,632173.5058608936,满仓沪深300指数,515280.88666848914,空仓
3799,2025-08-25,598922.3167276956,满仓中证1000指数,598487.9023060615,满仓沪深300指数,590489.1495224277,空仓,645346.0563852245,满仓沪深300指数,516632.70017351623,5%多IF + 5%空IM
3800,2025-08-26,596693.5624830894,满仓沪深300指数,598386.9928390111,满仓中证1000指数,590489.1495224277,空仓,642944.546669796,满仓沪深300指数,515714.9882088161,5%多IF + 5%空IM
3801,2025-08-27,587786.7067397821,满仓沪深300指数,587184.8574627036,满仓中证1000指数,579434.8661400172,满仓中证1000指数,642944.546669796,空仓,514736.79688068485,5%多IM + 5%空IF
3802,2025-08-28,598193.3401977769,满仓沪深300指数,596037.3661613907,满仓中证1000指数,588170.534520486,满仓中证1000指数,654327.7374672212,满仓沪深300指数,514736.79688068485,空仓
3803,2025-08-29,602612.6155116332,满仓沪深300指数,595362.3900355798,满仓中证1000指数,587504.4671038347,满仓中证1000指数,654327.7374672212,空仓,512543.9812580913,5%多IM + 5%空IF
3804,2025-09-01,606224.4645905109,满仓沪深300指数,600362.3708904202,满仓中证1000指数,587504.4671038347,空仓,658249.548884741,满仓沪深300指数,511927.7588037504,5%多IF + 5%空IM
3805,2025-09-02,601767.5055440565,满仓沪深300指数,585374.3456955404,满仓中证1000指数,572837.4390187855,满仓中证1000指数,658249.548884741,空仓,507419.4747589328,5%多IM + 5%空IF
3806,2025-09-03,597663.677378715,满仓沪深300指数,576809.9588166778,满仓中证1000指数,568930.9030314658,满仓沪深300指数,653760.5344171117,满仓沪深300指数,509401.19930145965,5%多IF + 5%空IM
3807,2025-09-04,584983.4631876574,满仓沪深300指数,564572.1834554423,满仓沪深300指数,555848.3928883553,满仓中证1000指数,639890.1522610007,满仓沪深300指数,509854.209214735,5%多IF + 5%空IM
3808,2025-09-05,597730.0527441339,满仓沪深300指数,576874.0182086783,满仓沪深300指数,567960.1392292976,满仓沪深300指数,639890.1522610007,空仓,507079.7108901689,7.5%多IF + 7.5%空IM
3809,2025-09-08,598701.413936748,满仓沪深300指数,577811.4866055622,满仓沪深300指数,573084.0320067387,满仓中证1000指数,645662.9667651575,满仓中证1000指数,507079.7108901689,空仓
3810,2025-09-09,598701.413936748,空仓,571093.1772799876,满仓中证1000指数,566420.6895744395,满仓中证1000指数,645662.9667651575,空仓,505323.52057664376,7.5%多IM + 7.5%空IF
3811,2025-09-10,598701.413936748,空仓,571420.3809610996,满仓中证1000指数,567583.4058872698,满仓沪深300指数,645662.9667651575,空仓,505323.52057664376,空仓
3812,2025-09-11,612528.9480247417,满仓沪深300指数,584833.63751758,满仓中证1000指数,567583.4058872698,空仓,645662.9667651575,空仓,505323.52057664376,空仓
3813,2025-09-12,609022.3541422093,满仓沪深300指数,586651.3128060739,满仓中证1000指数,569347.4670917853,满仓中证1000指数,645662.9667651575,空仓,507555.2318219081,5%多IM + 5%空IF
3814,2025-09-15,610511.6043553669,满仓沪深300指数,586073.3222548612,满仓中证1000指数,568786.5249287789,满仓中证1000指数,645026.835751876,满仓中证1000指数,506249.33668155305,7.5%多IM + 7.5%空IF
3815,2025-09-16,609202.6501585919,满仓沪深300指数,591452.0651948394,满仓中证1000指数,568786.5249287789,空仓,645026.835751876,空仓,506249.33668155305,空仓
3816,2025-09-17,614997.3880919494,满仓中证1000指数,597077.9594962758,满仓中证1000指数,574196.8245247004,满仓中证1000指数,651162.3334753214,满仓中证1000指数,507536.9443841091,7.5%多IM + 7.5%空IF
3817,2025-09-18,608614.4033786976,满仓中证1000指数,590880.9584002085,满仓中证1000指数,568237.3040059061,满仓中证1000指数,644403.9970971562,满仓中证1000指数,508011.9819932187,7.5%多IM + 7.5%空IF
3818,2025-09-19,605503.660433009,满仓中证1000指数,587860.8544347403,满仓中证1000指数,565332.9360266068,满仓中证1000指数,644403.9970971562,空仓,505741.8076629996,7.5%多IM + 7.5%空IF
3819,2025-09-22,609678.8840452456,满仓中证1000指数,591914.4228613791,满仓中证1000指数,567930.9146104058,满仓沪深300指数,647365.3454939779,满仓沪深300指数,505741.8076629996,空仓
3820,2025-09-23,603051.7828608821,满仓中证1000指数,585480.4182149342,满仓中证1000指数,561757.6064389325,满仓中证1000指数,647365.3454939779,空仓,501856.15566850494,7.5%多IM + 7.5%空IF
3821,2025-09-24,613321.2486483443,满仓中证1000指数,595450.6584081786,满仓中证1000指数,567511.2686259313,满仓沪深300指数,653995.8235985001,满仓沪深300指数,501856.15566850494,空仓
3822,2025-09-25,611065.5320274103,满仓中证1000指数,593260.667518286,满仓中证1000指数,565424.0352159883,满仓中证1000指数,651590.5111255283,满仓中证1000指数,498211.8098693619,7.5%多IM + 7.5%空IF
3823,2025-09-26,,满仓中证1000指数,,满仓中证1000指数,565424.0352159883,空仓,,满仓沪深300指数,,5%多IM + 5%空IF
